1000
1.000000e-05 7.941620e-19 7.941619e-19 7.941619e-19 -3.970810e-19 -3.970810e-19 -3.970809e-19
1.011591e-05 8.510187e-19 8.510187e-19 8.510187e-19 -4.255093e-19 -4.255093e-19 -4.255093e-19
1.023317e-05 9.119460e-19 9.119460e-19 9.119460e-19 -4.559730e-19 -4.559730e-19 -4.559730e-19
1.035178e-05 9.772353e-19 9.772353e-19 9.772353e-19 -4.886177e-19 -4.886177e-19 -4.886176e-19
1.047177e-05 1.047199e-18 1.047199e-18 1.047199e-18 -5.235994e-19 -5.235994e-19 -5.235994e-19
1.059315e-05 1.122171e-18 1.122171e-18 1.122171e-18 -5.610857e-19 -5.610857e-19 -5.610856e-19
1.071593e-05 1.202511e-18 1.202511e-18 1.202511e-18 -6.012557e-19 -6.012557e-19 -6.012557e-19
1.084014e-05 1.288603e-18 1.288603e-18 1.288603e-18 -6.443017e-19 -6.443017e-19 -6.443016e-19
1.096579e-05 1.380859e-18 1.380859e-18 1.380859e-18 -6.904294e-19 -6.904294e-19 -6.904293e-19
1.109290e-05 1.479719e-18 1.479719e-18 1.479719e-18 -7.398596e-19 -7.398596e-19 -7.398595e-19
1.122148e-05 1.585657e-18 1.585657e-18 1.585657e-18 -7.928286e-19 -7.928286e-19 -7.928285e-19
1.135155e-05 1.699180e-18 1.699180e-18 1.699180e-18 -8.495899e-19 -8.495899e-19 -8.495898e-19
1.148312e-05 1.820830e-18 1.820830e-18 1.820830e-18 -9.104149e-19 -9.104149e-19 -9.104148e-19
1.161623e-05 1.951189e-18 1.951189e-18 1.951189e-18 -9.755946e-19 -9.755946e-19 -9.755945e-19
1.175087e-05 2.090881e-18 2.090881e-18 2.090881e-18 -1.045441e-18 -1.045441e-18 -1.045441e-18
1.188708e-05 2.240575e-18 2.240575e-18 2.240575e-18 -1.120287e-18 -1.120287e-18 -1.120287e-18
1.202486e-05 2.400985e-18 2.400985e-18 2.400985e-18 -1.200493e-18 -1.200493e-18 -1.200492e-18
1.216424e-05 2.572880e-18 2.572880e-18 2.572880e-18 -1.286440e-18 -1.286440e-18 -1.286440e-18
1.230524e-05 2.757081e-18 2.757081e-18 2.757081e-18 -1.378540e-18 -1.378540e-18 -1.378540e-18
1.244787e-05 2.954470e-18 2.954469e-18 2.954469e-18 -1.477235e-18 -1.477235e-18 -1.477235e-18
1.259216e-05 3.165990e-18 3.165990e-18 3.165990e-18 -1.582995e-18 -1.582995e-18 -1.582995e-18
1.273811e-05 3.392654e-18 3.392654e-18 3.392654e-18 -1.696327e-18 -1.696327e-18 -1.696327e-18
1.288576e-05 3.635545e-18 3.635545e-18 3.635545e-18 -1.817773e-18 -1.817773e-18 -1.817773e-18
1.303512e-05 3.895826e-18 3.895826e-18 3.895826e-18 -1.947913e-18 -1.947913e-18 -1.947913e-18
1.318621e-05 4.174742e-18 4.174742e-18 4.174742e-18 -2.087371e-18 -2.087371e-18 -2.087371e-18
1.333906e-05 4.473626e-18 4.473625e-18 4.473625e-18 -2.236813e-18 -2.236813e-18 -2.236813e-18
1.349367e-05 4.793908e-18 4.793907e-18 4.793907e-18 -2.396954e-18 -2.396954e-18 -2.396954e-18
1.365008e-05 5.137120e-18 5.137119e-18 5.137119e-18 -2.568560e-18 -2.568560e-18 -2.568560e-18
1.380830e-05 5.504903e-18 5.504903e-18 5.504903e-18 -2.752452e-18 -2.752452e-18 -2.752451e-18
1.396835e-05 5.899018e-18 5.899018e-18 5.899018e-18 -2.949509e-18 -2.949509e-18 -2.949509e-18
1.413026e-05 6.321349e-18 6.321348e-18 6.321348e-18 -3.160674e-18 -3.160674e-18 -3.160674e-18
1.429405e-05 6.773915e-18 6.773915e-18 6.773915e-18 -3.386958e-18 -3.386958e-18 -3.386957e-18
1.445973e-05 7.258883e-18 7.258882e-18 7.258882e-18 -3.629441e-18 -3.629441e-18 -3.629441e-18
1.462733e-05 7.778571e-18 7.778570e-18 7.778570e-18 -3.889285e-18 -3.889285e-18 -3.889285e-18
1.479688e-05 8.335465e-18 8.335464e-18 8.335464e-18 -4.167732e-18 -4.167732e-18 -4.167732e-18
1.496839e-05 8.932229e-18 8.932228e-18 8.932228e-18 -4.466114e-18 -4.466114e-18 -4.466114e-18
1.514189e-05 9.571717e-18 9.571717e-18 9.571717e-18 -4.785858e-18 -4.785858e-18 -4.785858e-18
1.531740e-05 1.025699e-17 1.025699e-17 1.025699e-17 -5.128494e-18 -5.128494e-18 -5.128494e-18
1.549495e-05 1.099132e-17 1.099132e-17 1.099132e-17 -5.495660e-18 -5.495660e-18 -5.495660e-18
1.567455e-05 1.177823e-17 1.177823e-17 1.177823e-17 -5.889113e-18 -5.889113e-18 -5.889113e-18
1.585624e-05 1.262147e-17 1.262147e-17 1.262147e-17 -6.310735e-18 -6.310735e-18 -6.310734e-18
1.604003e-05 1.352508e-17 1.352508e-17 1.352508e-17 -6.762541e-18 -6.762541e-18 -6.762541e-18
1.622595e-05 1.449339e-17 1.449339e-17 1.449339e-17 -7.246694e-18 -7.246694e-18 -7.246694e-18
1.641403e-05 1.553102e-17 1.553102e-17 1.553102e-17 -7.765510e-18 -7.765510e-18 -7.765509e-18
1.660429e-05 1.664294e-17 1.664294e-17 1.664294e-17 -8.321469e-18 -8.321469e-18 -8.321468e-18
1.679675e-05 1.783446e-17 1.783446e-17 1.783446e-17 -8.917231e-18 -8.917231e-18 -8.917230e-18
1.699144e-05 1.911129e-17 1.911129e-17 1.911129e-17 -9.555645e-18 -9.555645e-18 -9.555644e-18
1.718839e-05 2.047953e-17 2.047953e-17 2.047953e-17 -1.023977e-17 -1.023977e-17 -1.023976e-17
1.738762e-05 2.194573e-17 2.194573e-17 2.194573e-17 -1.097287e-17 -1.097287e-17 -1.097286e-17
1.758917e-05 2.351690e-17 2.351690e-17 2.351690e-17 -1.175845e-17 -1.175845e-17 -1.175845e-17
1.779304e-05 2.520055e-17 2.520055e-17 2.520055e-17 -1.260028e-17 -1.260028e-17 -1.260028e-17
1.799929e-05 2.700474e-17 2.700474e-17 2.700474e-17 -1.350237e-17 -1.350237e-17 -1.350237e-17
1.820792e-05 2.893810e-17 2.893810e-17 2.893810e-17 -1.446905e-17 -1.446905e-17 -1.446905e-17
1.841897e-05 3.100988e-17 3.100988e-17 3.100988e-17 -1.550494e-17 -1.550494e-17 -1.550494e-17
1.863246e-05 3.322998e-17 3.322998e-17 3.322998e-17 -1.661499e-17 -1.661499e-17 -1.661499e-17
1.884843e-05 3.560903e-17 3.560903e-17 3.560903e-17 -1.780451e-17 -1.780451e-17 -1.780451e-17
1.906691e-05 3.815840e-17 3.815840e-17 3.815840e-17 -1.907920e-17 -1.907920e-17 -1.907920e-17
1.928792e-05 4.089029e-17 4.089028e-17 4.089028e-17 -2.044514e-17 -2.044514e-17 -2.044514e-17
1.951148e-05 4.381776e-17 4.381776e-17 4.381776e-17 -2.190888e-17 -2.190888e-17 -2.190888e-17
1.973764e-05 4.695482e-17 4.695482e-17 4.695482e-17 -2.347741e-17 -2.347741e-17 -2.347741e-17
1.996642e-05 5.031647e-17 5.031647e-17 5.031647e-17 -2.515823e-17 -2.515823e-17 -2.515823e-17
2.019786e-05 5.391879e-17 5.391879e-17 5.391879e-17 -2.695940e-17 -2.695940e-17 -2.695939e-17
2.043197e-05 5.777902e-17 5.777902e-17 5.777902e-17 -2.888951e-17 -2.888951e-17 -2.888951e-17
2.066880e-05 6.191561e-17 6.191561e-17 6.191561e-17 -3.095781e-17 -3.095781e-17 -3.095780e-17
2.090838e-05 6.634836e-17 6.634836e-17 6.634836e-17 -3.317418e-17 -3.317418e-17 -3.317418e-17
2.115073e-05 7.109846e-17 7.109846e-17 7.109846e-17 -3.554923e-17 -3.554923e-17 -3.554923e-17
2.139589e-05 7.618864e-17 7.618863e-17 7.618863e-17 -3.809432e-17 -3.809432e-17 -3.809431e-17
2.164389e-05 8.164324e-17 8.164323e-17 8.164323e-17 -4.082162e-17 -4.082162e-17 -4.082161e-17
2.189477e-05 8.748835e-17 8.748834e-17 8.748834e-17 -4.374417e-17 -4.374417e-17 -4.374417e-17
2.214855e-05 9.375193e-17 9.375193e-17 9.375193e-17 -4.687596e-17 -4.687596e-17 -4.687596e-17
2.240528e-05 1.004639e-16 1.004639e-16 1.004639e-16 -5.023197e-17 -5.023197e-17 -5.023197e-17
2.266498e-05 1.076565e-16 1.076565e-16 1.076565e-16 -5.382825e-17 -5.382825e-17 -5.382824e-17
2.292769e-05 1.153640e-16 1.153640e-16 1.153640e-16 -5.768199e-17 -5.768199e-17 -5.768198e-17
2.319345e-05 1.236233e-16 1.236233e-16 1.236233e-16 -6.181163e-17 -6.181163e-17 -6.181163e-17
2.346229e-05 1.324739e-16 1.324739e-16 1.324739e-16 -6.623693e-17 -6.623693e-17 -6.623693e-17
2.373424e-05 1.419581e-16 1.419581e-16 1.419581e-16 -7.097906e-17 -7.097906e-17 -7.097905e-17
2.400935e-05 1.521214e-16 1.521214e-16 1.521214e-16 -7.606068e-17 -7.606068e-17 -7.606068e-17
2.428764e-05 1.630122e-16 1.630122e-16 1.630122e-16 -8.150612e-17 -8.150612e-17 -8.150611e-17
2.456916e-05 1.746828e-16 1.746828e-16 1.746828e-16 -8.734141e-17 -8.734141e-17 -8.734141e-17
2.485395e-05 1.871890e-16 1.871889e-16 1.871889e-16 -9.359448e-17 -9.359448e-17 -9.359447e-17
2.514203e-05 2.005904e-16 2.005904e-16 2.005904e-16 -1.002952e-16 -1.002952e-16 -1.002952e-16
2.543346e-05 2.149514e-16 2.149514e-16 2.149514e-16 -1.074757e-16 -1.074757e-16 -1.074757e-16
2.572826e-05 2.303404e-16 2.303404e-16 2.303404e-16 -1.151702e-16 -1.151702e-16 -1.151702e-16
2.602648e-05 2.468313e-16 2.468313e-16 2.468313e-16 -1.234156e-16 -1.234156e-16 -1.234156e-16
2.632815e-05 2.645027e-16 2.645027e-16 2.645027e-16 -1.322514e-16 -1.322514e-16 -1.322514e-16
2.663333e-05 2.834394e-16 2.834394e-16 2.834394e-16 -1.417197e-16 -1.417197e-16 -1.417197e-16
2.694204e-05 3.037317e-16 3.037317e-16 3.037317e-16 -1.518659e-16 -1.518659e-16 -1.518659e-16
2.725433e-05 3.254769e-16 3.254769e-16 3.254769e-16 -1.627384e-16 -1.627384e-16 -1.627384e-16
2.757023e-05 3.487789e-16 3.487788e-16 3.487788e-16 -1.743894e-16 -1.743894e-16 -1.743894e-16
2.788980e-05 3.737491e-16 3.737491e-16 3.737491e-16 -1.868745e-16 -1.868745e-16 -1.868745e-16
2.821308e-05 4.005070e-16 4.005070e-16 4.005070e-16 -2.002535e-16 -2.002535e-16 -2.002535e-16
2.854010e-05 4.291806e-16 4.291806e-16 4.291806e-16 -2.145903e-16 -2.145903e-16 -2.145903e-16
2.887091e-05 4.599071e-16 4.599071e-16 4.599071e-16 -2.299535e-16 -2.299535e-16 -2.299535e-16
2.920556e-05 4.928333e-16 4.928333e-16 4.928333e-16 -2.464167e-16 -2.464167e-16 -2.464166e-16
2.954408e-05 5.281169e-16 5.281169e-16 5.281169e-16 -2.640584e-16 -2.640584e-16 -2.640584e-16
2.988653e-05 5.659265e-16 5.659265e-16 5.659265e-16 -2.829633e-16 -2.829633e-16 -2.829632e-16
3.023295e-05 6.064430e-16 6.064430e-16 6.064430e-16 -3.032215e-16 -3.032215e-16 -3.032215e-16
3.058338e-05 6.498603e-16 6.498603e-16 6.498603e-16 -3.249301e-16 -3.249301e-16 -3.249301e-16
3.093788e-05 6.963859e-16 6.963859e-16 6.963859e-16 -3.481930e-16 -3.481930e-16 -3.481929e-16
3.129648e-05 7.462424e-16 7.462424e-16 7.462424e-16 -3.731212e-16 -3.731212e-16 -3.731212e-16
3.165924e-05 7.996684e-16 7.996683e-16 7.996683e-16 -3.998342e-16 -3.998342e-16 -3.998342e-16
3.202621e-05 8.569193e-16 8.569192e-16 8.569192e-16 -4.284596e-16 -4.284596e-16 -4.284596e-16
3.239743e-05 9.182689e-16 9.182689e-16 9.182689e-16 -4.591344e-16 -4.591344e-16 -4.591344e-16
3.277295e-05 9.840108e-16 9.840107e-16 9.840107e-16 -4.920054e-16 -4.920054e-16 -4.920053e-16
3.315282e-05 1.054459e-15 1.054459e-15 1.054459e-15 -5.272296e-16 -5.272296e-16 -5.272296e-16
3.353710e-05 1.129951e-15 1.129951e-15 1.129951e-15 -5.649757e-16 -5.649757e-16 -5.649757e-16
3.392583e-05 1.210848e-15 1.210848e-15 1.210848e-15 -6.054242e-16 -6.054242e-16 -6.054241e-16
3.431907e-05 1.297537e-15 1.297537e-15 1.297537e-15 -6.487684e-16 -6.487684e-16 -6.487684e-16
3.471687e-05 1.390432e-15 1.390432e-15 1.390432e-15 -6.952159e-16 -6.952159e-16 -6.952158e-16
3.511928e-05 1.489977e-15 1.489977e-15 1.489977e-15 -7.449886e-16 -7.449886e-16 -7.449886e-16
3.552635e-05 1.596650e-15 1.596649e-15 1.596649e-15 -7.983248e-16 -7.983248e-16 -7.983247e-16
3.593814e-05 1.710959e-15 1.710959e-15 1.710959e-15 -8.554794e-16 -8.554794e-16 -8.554793e-16
3.635470e-05 1.833452e-15 1.833452e-15 1.833452e-15 -9.167260e-16 -9.167260e-16 -9.167259e-16
3.677609e-05 1.964715e-15 1.964715e-15 1.964715e-15 -9.823573e-16 -9.823573e-16 -9.823572e-16
3.720237e-05 2.105375e-15 2.105375e-15 2.105375e-15 -1.052687e-15 -1.052687e-15 -1.052687e-15
3.763358e-05 2.256105e-15 2.256105e-15 2.256105e-15 -1.128053e-15 -1.128053e-15 -1.128053e-15
3.806980e-05 2.417627e-15 2.417627e-15 2.417627e-15 -1.208814e-15 -1.208814e-15 -1.208814e-15
3.851107e-05 2.590713e-15 2.590713e-15 2.590713e-15 -1.295356e-15 -1.295356e-15 -1.295356e-15
3.895746e-05 2.776190e-15 2.776190e-15 2.776190e-15 -1.388095e-15 -1.388095e-15 -1.388095e-15
3.940902e-05 2.974947e-15 2.974947e-15 2.974947e-15 -1.487473e-15 -1.487473e-15 -1.487473e-15
3.986581e-05 3.187933e-15 3.187932e-15 3.187932e-15 -1.593966e-15 -1.593966e-15 -1.593966e-15
4.032790e-05 3.416167e-15 3.416167e-15 3.416167e-15 -1.708083e-15 -1.708083e-15 -1.708083e-15
4.079535e-05 3.660741e-15 3.660741e-15 3.660741e-15 -1.830371e-15 -1.830371e-15 -1.830370e-15
4.126821e-05 3.922825e-15 3.922825e-15 3.922825e-15 -1.961413e-15 -1.961413e-15 -1.961412e-15
4.174655e-05 4.203673e-15 4.203672e-15 4.203672e-15 -2.101836e-15 -2.101836e-15 -2.101836e-15
4.223044e-05 4.504627e-15 4.504627e-15 4.504627e-15 -2.252313e-15 -2.252313e-15 -2.252313e-15
4.271994e-05 4.827127e-15 4.827127e-15 4.827127e-15 -2.413564e-15 -2.413564e-15 -2.413563e-15
4.321511e-05 5.172716e-15 5.172716e-15 5.172716e-15 -2.586358e-15 -2.586358e-15 -2.586358e-15
4.371602e-05 5.543047e-15 5.543047e-15 5.543047e-15 -2.771524e-15 -2.771524e-15 -2.771523e-15
4.422274e-05 5.939892e-15 5.939891e-15 5.939891e-15 -2.969946e-15 -2.969946e-15 -2.969946e-15
4.473533e-05 6.365147e-15 6.365147e-15 6.365147e-15 -3.182574e-15 -3.182574e-15 -3.182573e-15
4.525386e-05 6.820848e-15 6.820848e-15 6.820848e-15 -3.410424e-15 -3.410424e-15 -3.410424e-15
4.577841e-05 7.309174e-15 7.309173e-15 7.309173e-15 -3.654587e-15 -3.654587e-15 -3.654586e-15
4.630903e-05 7.832460e-15 7.832460e-15 7.832460e-15 -3.916230e-15 -3.916230e-15 -3.916230e-15
4.684580e-05 8.393210e-15 8.393210e-15 8.393210e-15 -4.196605e-15 -4.196605e-15 -4.196605e-15
4.738880e-05 8.994106e-15 8.994106e-15 8.994106e-15 -4.497053e-15 -4.497053e-15 -4.497053e-15
4.793808e-05 9.638022e-15 9.638022e-15 9.638022e-15 -4.819011e-15 -4.819011e-15 -4.819011e-15
4.849374e-05 1.032804e-14 1.032804e-14 1.032804e-14 -5.164019e-15 -5.164019e-15 -5.164018e-15
4.905584e-05 1.106745e-14 1.106745e-14 1.106745e-14 -5.533727e-15 -5.533727e-15 -5.533726e-15
4.962445e-05 1.185981e-14 1.185981e-14 1.185981e-14 -5.929903e-15 -5.929903e-15 -5.929903e-15
5.019965e-05 1.270889e-14 1.270889e-14 1.270889e-14 -6.354443e-15 -6.354443e-15 -6.354443e-15
5.078152e-05 1.361875e-14 1.361875e-14 1.361875e-14 -6.809377e-15 -6.809377e-15 -6.809377e-15
5.137014e-05 1.459376e-14 1.459376e-14 1.459376e-14 -7.296881e-15 -7.296881e-15 -7.296881e-15
5.196557e-05 1.563857e-14 1.563857e-14 1.563857e-14 -7.819287e-15 -7.819287e-15 -7.819287e-15
5.256791e-05 1.675819e-14 1.675819e-14 1.675819e-14 -8.379094e-15 -8.379094e-15 -8.379093e-15
5.317723e-05 1.795796e-14 1.795796e-14 1.795796e-14 -8.978978e-15 -8.978978e-15 -8.978978e-15
5.379362e-05 1.924362e-14 1.924362e-14 1.924362e-14 -9.621810e-15 -9.621810e-15 -9.621810e-15
5.441714e-05 2.062133e-14 2.062133e-14 2.062133e-14 -1.031066e-14 -1.031066e-14 -1.031066e-14
5.504790e-05 2.209767e-14 2.209767e-14 2.209767e-14 -1.104884e-14 -1.104884e-14 -1.104884e-14
5.568596e-05 2.367971e-14 2.367971e-14 2.367971e-14 -1.183986e-14 -1.183986e-14 -1.183985e-14
5.633143e-05 2.537501e-14 2.537501e-14 2.537501e-14 -1.268751e-14 -1.268751e-14 -1.268750e-14
5.698437e-05 2.719168e-14 2.719168e-14 2.719168e-14 -1.359584e-14 -1.359584e-14 -1.359584e-14
5.764488e-05 2.913842e-14 2.913842e-14 2.913842e-14 -1.456921e-14 -1.456921e-14 -1.456921e-14
5.831305e-05 3.122452e-14 3.122452e-14 3.122452e-14 -1.561226e-14 -1.561226e-14 -1.561226e-14
5.898896e-05 3.345998e-14 3.345998e-14 3.345998e-14 -1.672999e-14 -1.672999e-14 -1.672999e-14
5.967271e-05 3.585547e-14 3.585547e-14 3.585547e-14 -1.792774e-14 -1.792774e-14 -1.792774e-14
6.036439e-05 3.842247e-14 3.842247e-14 3.842247e-14 -1.921124e-14 -1.921124e-14 -1.921123e-14
6.106408e-05 4.117325e-14 4.117325e-14 4.117325e-14 -2.058662e-14 -2.058662e-14 -2.058662e-14
6.177188e-05 4.412096e-14 4.412096e-14 4.412096e-14 -2.206048e-14 -2.206048e-14 -2.206048e-14
6.248788e-05 4.727971e-14 4.727970e-14 4.727970e-14 -2.363985e-14 -2.363985e-14 -2.363985e-14
6.321218e-05 5.066460e-14 5.066459e-14 5.066459e-14 -2.533230e-14 -2.533230e-14 -2.533230e-14
6.394488e-05 5.429182e-14 5.429182e-14 5.429182e-14 -2.714591e-14 -2.714591e-14 -2.714591e-14
6.468608e-05 5.817872e-14 5.817872e-14 5.817872e-14 -2.908936e-14 -2.908936e-14 -2.908936e-14
6.543586e-05 6.234390e-14 6.234390e-14 6.234390e-14 -3.117195e-14 -3.117195e-14 -3.117195e-14
6.619433e-05 6.680728e-14 6.680728e-14 6.680728e-14 -3.340364e-14 -3.340364e-14 -3.340364e-14
6.696160e-05 7.159020e-14 7.159020e-14 7.159020e-14 -3.579510e-14 -3.579510e-14 -3.579510e-14
6.773776e-05 7.671554e-14 7.671554e-14 7.671554e-14 -3.835777e-14 -3.835777e-14 -3.835777e-14
6.852292e-05 8.220782e-14 8.220781e-14 8.220781e-14 -4.110391e-14 -4.110391e-14 -4.110391e-14
6.931717e-05 8.809330e-14 8.809330e-14 8.809330e-14 -4.404665e-14 -4.404665e-14 -4.404665e-14
7.012064e-05 9.440014e-14 9.440014e-14 9.440014e-14 -4.720007e-14 -4.720007e-14 -4.720007e-14
7.093341e-05 1.011585e-13 1.011585e-13 1.011585e-13 -5.057925e-14 -5.057925e-14 -5.057925e-14
7.175561e-05 1.084007e-13 1.084007e-13 1.084007e-13 -5.420036e-14 -5.420036e-14 -5.420035e-14
7.258734e-05 1.161614e-13 1.161614e-13 1.161614e-13 -5.808071e-14 -5.808071e-14 -5.808070e-14
7.342870e-05 1.244777e-13 1.244777e-13 1.244777e-13 -6.223886e-14 -6.223886e-14 -6.223886e-14
7.427982e-05 1.333894e-13 1.333894e-13 1.333894e-13 -6.669471e-14 -6.669471e-14 -6.669470e-14
7.514081e-05 1.429391e-13 1.429391e-13 1.429391e-13 -7.146956e-14 -7.146956e-14 -7.146955e-14
7.601178e-05 1.531725e-13 1.531725e-13 1.531725e-13 -7.658625e-14 -7.658625e-14 -7.658624e-14
7.689284e-05 1.641385e-13 1.641385e-13 1.641385e-13 -8.206926e-14 -8.206926e-14 -8.206925e-14
7.778411e-05 1.758896e-13 1.758896e-13 1.758896e-13 -8.794481e-14 -8.794481e-14 -8.794480e-14
7.868572e-05 1.884820e-13 1.884820e-13 1.884820e-13 -9.424101e-14 -9.424101e-14 -9.424100e-14
7.959777e-05 2.019759e-13 2.019759e-13 2.019759e-13 -1.009880e-13 -1.009880e-13 -1.009880e-13
8.052040e-05 2.164359e-13 2.164359e-13 2.164359e-13 -1.082179e-13 -1.082179e-13 -1.082179e-13
8.145372e-05 2.319311e-13 2.319311e-13 2.319311e-13 -1.159655e-13 -1.159655e-13 -1.159655e-13
8.239786e-05 2.485356e-13 2.485356e-13 2.485356e-13 -1.242678e-13 -1.242678e-13 -1.242678e-13
8.335294e-05 2.663289e-13 2.663289e-13 2.663289e-13 -1.331644e-13 -1.331644e-13 -1.331644e-13
8.431909e-05 2.853960e-13 2.853960e-13 2.853960e-13 -1.426980e-13 -1.426980e-13 -1.426980e-13
8.529644e-05 3.058282e-13 3.058282e-13 3.058282e-13 -1.529141e-13 -1.529141e-13 -1.529141e-13
8.628513e-05 3.277232e-13 3.277232e-13 3.277232e-13 -1.638616e-13 -1.638616e-13 -1.638616e-13
8.728527e-05 3.511857e-13 3.511856e-13 3.511856e-13 -1.755928e-13 -1.755928e-13 -1.755928e-13
8.829700e-05 3.763279e-13 3.763279e-13 3.763279e-13 -1.881639e-13 -1.881639e-13 -1.881639e-13
8.932046e-05 4.032701e-13 4.032700e-13 4.032700e-13 -2.016350e-13 -2.016350e-13 -2.016350e-13
9.035578e-05 4.321411e-13 4.321411e-13 4.321411e-13 -2.160705e-13 -2.160705e-13 -2.160705e-13
9.140311e-05 4.630791e-13 4.630790e-13 4.630790e-13 -2.315395e-13 -2.315395e-13 -2.315395e-13
9.246257e-05 4.962319e-13 4.962319e-13 4.962319e-13 -2.481160e-13 -2.481160e-13 -2.481159e-13
9.353432e-05 5.317583e-13 5.317583e-13 5.317583e-13 -2.658791e-13 -2.658791e-13 -2.658791e-13
9.461848e-05 5.698280e-13 5.698280e-13 5.698280e-13 -2.849140e-13 -2.849140e-13 -2.849140e-13
9.571522e-05 6.106232e-13 6.106232e-13 6.106232e-13 -3.053116e-13 -3.053116e-13 -3.053116e-13
9.682466e-05 6.543391e-13 6.543390e-13 6.543390e-13 -3.271695e-13 -3.271695e-13 -3.271695e-13
9.794697e-05 7.011846e-13 7.011846e-13 7.011846e-13 -3.505923e-13 -3.505923e-13 -3.505923e-13
9.908228e-05 7.513839e-13 7.513838e-13 7.513838e-13 -3.756919e-13 -3.756919e-13 -3.756919e-13
1.002308e-04 8.051770e-13 8.051769e-13 8.051769e-13 -4.025885e-13 -4.025885e-13 -4.025884e-13
1.013925e-04 8.628212e-13 8.628212e-13 8.628212e-13 -4.314106e-13 -4.314106e-13 -4.314106e-13
1.025678e-04 9.245923e-13 9.245923e-13 9.245923e-13 -4.622961e-13 -4.622961e-13 -4.622961e-13
1.037567e-04 9.907857e-13 9.907856e-13 9.907856e-13 -4.953928e-13 -4.953928e-13 -4.953928e-13
1.049593e-04 1.061718e-12 1.061718e-12 1.061718e-12 -5.308590e-13 -5.308590e-13 -5.308589e-13
1.061759e-04 1.137728e-12 1.137728e-12 1.137728e-12 -5.688642e-13 -5.688642e-13 -5.688641e-13
1.074066e-04 1.219180e-12 1.219180e-12 1.219180e-12 -6.095902e-13 -6.095902e-13 -6.095901e-13
1.086516e-04 1.306464e-12 1.306464e-12 1.306464e-12 -6.532319e-13 -6.532319e-13 -6.532318e-13
1.099110e-04 1.399996e-12 1.399996e-12 1.399996e-12 -6.999979e-13 -6.999979e-13 -6.999978e-13
1.111850e-04 1.500224e-12 1.500224e-12 1.500224e-12 -7.501120e-13 -7.501120e-13 -7.501119e-13
1.124737e-04 1.607627e-12 1.607627e-12 1.607627e-12 -8.038137e-13 -8.038137e-13 -8.038137e-13
1.137774e-04 1.722720e-12 1.722720e-12 1.722720e-12 -8.613601e-13 -8.613601e-13 -8.613600e-13
1.150962e-04 1.846053e-12 1.846052e-12 1.846052e-12 -9.230263e-13 -9.230263e-13 -9.230262e-13
1.164303e-04 1.978214e-12 1.978214e-12 1.978214e-12 -9.891072e-13 -9.891072e-13 -9.891071e-13
1.177799e-04 2.119838e-12 2.119838e-12 2.119838e-12 -1.059919e-12 -1.059919e-12 -1.059919e-12
1.191451e-04 2.271600e-12 2.271600e-12 2.271600e-12 -1.135800e-12 -1.135800e-12 -1.135800e-12
1.205261e-04 2.434227e-12 2.434227e-12 2.434227e-12 -1.217114e-12 -1.217114e-12 -1.217114e-12
1.219231e-04 2.608497e-12 2.608497e-12 2.608497e-12 -1.304249e-12 -1.304249e-12 -1.304248e-12
1.233363e-04 2.795243e-12 2.795243e-12 2.795243e-12 -1.397621e-12 -1.397621e-12 -1.397621e-12
1.247660e-04 2.995358e-12 2.995358e-12 2.995358e-12 -1.497679e-12 -1.497679e-12 -1.497679e-12
1.262121e-04 3.209799e-12 3.209799e-12 3.209799e-12 -1.604900e-12 -1.604900e-12 -1.604900e-12
1.276751e-04 3.439593e-12 3.439593e-12 3.439593e-12 -1.719796e-12 -1.719796e-12 -1.719796e-12
1.291550e-04 3.685837e-12 3.685837e-12 3.685837e-12 -1.842919e-12 -1.842919e-12 -1.842918e-12
1.306520e-04 3.949711e-12 3.949710e-12 3.949710e-12 -1.974855e-12 -1.974855e-12 -1.974855e-12
1.321664e-04 4.232474e-12 4.232474e-12 4.232474e-12 -2.116237e-12 -2.116237e-12 -2.116237e-12
1.336984e-04 4.535482e-12 4.535481e-12 4.535481e-12 -2.267741e-12 -2.267741e-12 -2.267741e-12
1.352481e-04 4.860181e-12 4.860181e-12 4.860181e-12 -2.430090e-12 -2.430090e-12 -2.430090e-12
1.368158e-04 5.208126e-12 5.208125e-12 5.208125e-12 -2.604063e-12 -2.604063e-12 -2.604063e-12
1.384016e-04 5.580980e-12 5.580979e-12 5.580979e-12 -2.790490e-12 -2.790490e-12 -2.790490e-12
1.400058e-04 5.980526e-12 5.980526e-12 5.980526e-12 -2.990263e-12 -2.990263e-12 -2.990263e-12
1.416287e-04 6.408676e-12 6.408676e-12 6.408676e-12 -3.204338e-12 -3.204338e-12 -3.204338e-12
1.432703e-04 6.867478e-12 6.867477e-12 6.867477e-12 -3.433739e-12 -3.433739e-12 -3.433739e-12
1.449310e-04 7.359124e-12 7.359124e-12 7.359124e-12 -3.679562e-12 -3.679562e-12 -3.679562e-12
1.466109e-04 7.885968e-12 7.885968e-12 7.885968e-12 -3.942984e-12 -3.942984e-12 -3.942984e-12
1.483103e-04 8.450528e-12 8.450527e-12 8.450527e-12 -4.225264e-12 -4.225264e-12 -4.225264e-12
1.500293e-04 9.055504e-12 9.055504e-12 9.055504e-12 -4.527752e-12 -4.527752e-12 -4.527752e-12
1.517683e-04 9.703791e-12 9.703790e-12 9.703790e-12 -4.851895e-12 -4.851895e-12 -4.851895e-12
1.535275e-04 1.039849e-11 1.039849e-11 1.039849e-11 -5.199244e-12 -5.199244e-12 -5.199243e-12
1.553071e-04 1.114292e-11 1.114292e-11 1.114292e-11 -5.571458e-12 -5.571458e-12 -5.571458e-12
1.571072e-04 1.194064e-11 1.194064e-11 1.194064e-11 -5.970320e-12 -5.970320e-12 -5.970319e-12
1.589283e-04 1.279547e-11 1.279547e-11 1.279547e-11 -6.397735e-12 -6.397735e-12 -6.397734e-12
1.607704e-04 1.371150e-11 1.371150e-11 1.371150e-11 -6.855748e-12 -6.855748e-12 -6.855748e-12
1.626340e-04 1.469310e-11 1.469310e-11 1.469310e-11 -7.346550e-12 -7.346550e-12 -7.346550e-12
1.645191e-04 1.574498e-11 1.574498e-11 1.574498e-11 -7.872488e-12 -7.872488e-12 -7.872487e-12
1.664260e-04 1.687215e-11 1.687215e-11 1.687215e-11 -8.436077e-12 -8.436077e-12 -8.436076e-12
1.683551e-04 1.808002e-11 1.808002e-11 1.808002e-11 -9.040012e-12 -9.040012e-12 -9.040011e-12
1.703065e-04 1.937436e-11 1.937436e-11 1.937436e-11 -9.687182e-12 -9.687182e-12 -9.687181e-12
1.722805e-04 2.076136e-11 2.076136e-11 2.076136e-11 -1.038068e-11 -1.038068e-11 -1.038068e-11
1.742775e-04 2.224766e-11 2.224766e-11 2.224766e-11 -1.112383e-11 -1.112383e-11 -1.112383e-11
1.762975e-04 2.384035e-11 2.384035e-11 2.384035e-11 -1.192017e-11 -1.192017e-11 -1.192017e-11
1.783410e-04 2.554706e-11 2.554706e-11 2.554706e-11 -1.277353e-11 -1.277353e-11 -1.277353e-11
1.804082e-04 2.737595e-11 2.737595e-11 2.737595e-11 -1.368797e-11 -1.368797e-11 -1.368797e-11
1.824993e-04 2.933576e-11 2.933576e-11 2.933576e-11 -1.466788e-11 -1.466788e-11 -1.466788e-11
1.846147e-04 3.143588e-11 3.143587e-11 3.143587e-11 -1.571794e-11 -1.571794e-11 -1.571794e-11
1.867546e-04 3.368633e-11 3.368633e-11 3.368633e-11 -1.684316e-11 -1.684316e-11 -1.684316e-11
1.889193e-04 3.609789e-11 3.609789e-11 3.609789e-11 -1.804894e-11 -1.804894e-11 -1.804894e-11
1.911091e-04 3.868208e-11 3.868208e-11 3.868208e-11 -1.934104e-11 -1.934104e-11 -1.934104e-11
1.933242e-04 4.145127e-11 4.145127e-11 4.145127e-11 -2.072563e-11 -2.072563e-11 -2.072563e-11
1.955651e-04 4.441869e-11 4.441869e-11 4.441869e-11 -2.220935e-11 -2.220935e-11 -2.220934e-11
1.978319e-04 4.759854e-11 4.759854e-11 4.759854e-11 -2.379927e-11 -2.379927e-11 -2.379927e-11
2.001250e-04 5.100603e-11 5.100603e-11 5.100603e-11 -2.550302e-11 -2.550302e-11 -2.550301e-11
2.024447e-04 5.465744e-11 5.465744e-11 5.465744e-11 -2.732872e-11 -2.732872e-11 -2.732872e-11
2.047912e-04 5.857025e-11 5.857025e-11 5.857025e-11 -2.928512e-11 -2.928512e-11 -2.928512e-11
2.071650e-04 6.276316e-11 6.276315e-11 6.276315e-11 -3.138158e-11 -3.138158e-11 -3.138157e-11
2.095662e-04 6.725621e-11 6.725621e-11 6.725621e-11 -3.362811e-11 -3.362811e-11 -3.362810e-11
2.119953e-04 7.207091e-11 7.207091e-11 7.207091e-11 -3.603545e-11 -3.603545e-11 -3.603545e-11
2.144526e-04 7.723027e-11 7.723026e-11 7.723026e-11 -3.861513e-11 -3.861513e-11 -3.861513e-11
2.169384e-04 8.275895e-11 8.275895e-11 8.275895e-11 -4.137948e-11 -4.137948e-11 -4.137947e-11
2.194529e-04 8.868341e-11 8.868341e-11 8.868341e-11 -4.434171e-11 -4.434171e-11 -4.434170e-11
2.219966e-04 9.503198e-11 9.503197e-11 9.503197e-11 -4.751599e-11 -4.751599e-11 -4.751598e-11
2.245698e-04 1.018350e-10 1.018350e-10 1.018350e-10 -5.091750e-11 -5.091750e-11 -5.091749e-11
2.271728e-04 1.091250e-10 1.091250e-10 1.091250e-10 -5.456250e-11 -5.456250e-11 -5.456250e-11
2.298060e-04 1.169369e-10 1.169369e-10 1.169369e-10 -5.846843e-11 -5.846843e-11 -5.846842e-11
2.324697e-04 1.253079e-10 1.253079e-10 1.253079e-10 -6.265396e-11 -6.265396e-11 -6.265395e-11
2.351643e-04 1.342782e-10 1.342782e-10 1.342782e-10 -6.713910e-11 -6.713910e-11 -6.713910e-11
2.378901e-04 1.438906e-10 1.438906e-10 1.438906e-10 -7.194531e-11 -7.194531e-11 -7.194530e-11
2.406475e-04 1.541911e-10 1.541911e-10 1.541911e-10 -7.709556e-11 -7.709556e-11 -7.709555e-11
2.434369e-04 1.652290e-10 1.652290e-10 1.652290e-10 -8.261448e-11 -8.261448e-11 -8.261447e-11
2.462586e-04 1.770569e-10 1.770569e-10 1.770569e-10 -8.852846e-11 -8.852846e-11 -8.852845e-11
2.491130e-04 1.897316e-10 1.897315e-10 1.897315e-10 -9.486578e-11 -9.486578e-11 -9.486577e-11
2.520005e-04 2.033135e-10 2.033135e-10 2.033135e-10 -1.016567e-10 -1.016567e-10 -1.016567e-10
2.549215e-04 2.178676e-10 2.178676e-10 2.178676e-10 -1.089338e-10 -1.089338e-10 -1.089338e-10
2.578763e-04 2.334635e-10 2.334635e-10 2.334635e-10 -1.167318e-10 -1.167318e-10 -1.167318e-10
2.608654e-04 2.501758e-10 2.501758e-10 2.501758e-10 -1.250879e-10 -1.250879e-10 -1.250879e-10
2.638891e-04 2.680844e-10 2.680844e-10 2.680844e-10 -1.340422e-10 -1.340422e-10 -1.340422e-10
2.669478e-04 2.872750e-10 2.872749e-10 2.872749e-10 -1.436375e-10 -1.436375e-10 -1.436375e-10
2.700421e-04 3.078391e-10 3.078391e-10 3.078391e-10 -1.539196e-10 -1.539196e-10 -1.539196e-10
2.731722e-04 3.298753e-10 3.298753e-10 3.298753e-10 -1.649377e-10 -1.649377e-10 -1.649376e-10
2.763385e-04 3.534888e-10 3.534888e-10 3.534888e-10 -1.767444e-10 -1.767444e-10 -1.767444e-10
2.795416e-04 3.787926e-10 3.787926e-10 3.787926e-10 -1.893963e-10 -1.893963e-10 -1.893963e-10
2.827818e-04 4.059076e-10 4.059075e-10 4.059075e-10 -2.029538e-10 -2.029538e-10 -2.029538e-10
2.860596e-04 4.349634e-10 4.349634e-10 4.349634e-10 -2.174817e-10 -2.174817e-10 -2.174817e-10
2.893753e-04 4.660990e-10 4.660990e-10 4.660990e-10 -2.330495e-10 -2.330495e-10 -2.330495e-10
2.927295e-04 4.994633e-10 4.994633e-10 4.994633e-10 -2.497316e-10 -2.497316e-10 -2.497316e-10
2.961225e-04 5.352157e-10 5.352157e-10 5.352157e-10 -2.676078e-10 -2.676078e-10 -2.676078e-10
2.995549e-04 5.735271e-10 5.735271e-10 5.735271e-10 -2.867636e-10 -2.867636e-10 -2.867635e-10
3.030271e-04 6.145808e-10 6.145808e-10 6.145808e-10 -3.072904e-10 -3.072904e-10 -3.072904e-10
3.065395e-04 6.585730e-10 6.585730e-10 6.585730e-10 -3.292865e-10 -3.292865e-10 -3.292865e-10
3.100927e-04 7.057140e-10 7.057140e-10 7.057140e-10 -3.528570e-10 -3.528570e-10 -3.528570e-10
3.136870e-04 7.562291e-10 7.562291e-10 7.562291e-10 -3.781146e-10 -3.781146e-10 -3.781145e-10
3.173230e-04 8.103599e-10 8.103599e-10 8.103599e-10 -4.051800e-10 -4.051800e-10 -4.051799e-10
3.210011e-04 8.683652e-10 8.683651e-10 8.683651e-10 -4.341826e-10 -4.341826e-10 -4.341825e-10
3.247218e-04 9.305221e-10 9.305220e-10 9.305220e-10 -4.652610e-10 -4.652610e-10 -4.652610e-10
3.284857e-04 9.971278e-10 9.971278e-10 9.971278e-10 -4.985639e-10 -4.985639e-10 -4.985639e-10
3.322933e-04 1.068501e-09 1.068501e-09 1.068501e-09 -5.342504e-10 -5.342504e-10 -5.342504e-10
3.361449e-04 1.144982e-09 1.144982e-09 1.144982e-09 -5.724911e-10 -5.724911e-10 -5.724911e-10
3.400412e-04 1.226938e-09 1.226938e-09 1.226938e-09 -6.134688e-10 -6.134688e-10 -6.134688e-10
3.439826e-04 1.314759e-09 1.314759e-09 1.314759e-09 -6.573794e-10 -6.573794e-10 -6.573793e-10
3.479698e-04 1.408865e-09 1.408865e-09 1.408865e-09 -7.044327e-10 -7.044327e-10 -7.044327e-10
3.520031e-04 1.509708e-09 1.509707e-09 1.509707e-09 -7.548538e-10 -7.548538e-10 -7.548537e-10
3.560833e-04 1.617767e-09 1.617767e-09 1.617767e-09 -8.088835e-10 -8.088835e-10 -8.088834e-10
3.602107e-04 1.733560e-09 1.733560e-09 1.733560e-09 -8.667801e-10 -8.667801e-10 -8.667800e-10
3.643859e-04 1.857641e-09 1.857641e-09 1.857641e-09 -9.288204e-10 -9.288204e-10 -9.288203e-10
3.686095e-04 1.990602e-09 1.990602e-09 1.990602e-09 -9.953009e-10 -9.953009e-10 -9.953008e-10
3.728821e-04 2.133079e-09 2.133078e-09 2.133078e-09 -1.066539e-09 -1.066539e-09 -1.066539e-09
3.772042e-04 2.285752e-09 2.285752e-09 2.285752e-09 -1.142876e-09 -1.142876e-09 -1.142876e-09
3.815765e-04 2.449352e-09 2.449352e-09 2.449352e-09 -1.224676e-09 -1.224676e-09 -1.224676e-09
3.859994e-04 2.624661e-09 2.624661e-09 2.624661e-09 -1.312330e-09 -1.312330e-09 -1.312330e-09
3.904735e-04 2.812515e-09 2.812515e-09 2.812515e-09 -1.406258e-09 -1.406258e-09 -1.406258e-09
3.949995e-04 3.013814e-09 3.013814e-09 3.013814e-09 -1.506907e-09 -1.506907e-09 -1.506907e-09
3.995780e-04 3.229519e-09 3.229519e-09 3.229519e-09 -1.614759e-09 -1.614759e-09 -1.614759e-09
4.042096e-04 3.460660e-09 3.460660e-09 3.460660e-09 -1.730330e-09 -1.730330e-09 -1.730330e-09
4.088948e-04 3.708343e-09 3.708343e-09 3.708343e-09 -1.854171e-09 -1.854171e-09 -1.854171e-09
4.136344e-04 3.973751e-09 3.973750e-09 3.973750e-09 -1.986875e-09 -1.986875e-09 -1.986875e-09
4.184289e-04 4.258151e-09 4.258151e-09 4.258151e-09 -2.129076e-09 -2.129076e-09 -2.129076e-09
4.232789e-04 4.562905e-09 4.562904e-09 4.562904e-09 -2.281452e-09 -2.281452e-09 -2.281452e-09
4.281852e-04 4.889466e-09 4.889466e-09 4.889466e-09 -2.444733e-09 -2.444733e-09 -2.444733e-09
4.331483e-04 5.239397e-09 5.239396e-09 5.239396e-09 -2.619698e-09 -2.619698e-09 -2.619698e-09
4.381690e-04 5.614368e-09 5.614368e-09 5.614368e-09 -2.807184e-09 -2.807184e-09 -2.807184e-09
4.432479e-04 6.016171e-09 6.016171e-09 6.016171e-09 -3.008086e-09 -3.008086e-09 -3.008085e-09
4.483856e-04 6.446727e-09 6.446727e-09 6.446727e-09 -3.223364e-09 -3.223364e-09 -3.223363e-09
4.535829e-04 6.908092e-09 6.908092e-09 6.908092e-09 -3.454046e-09 -3.454046e-09 -3.454046e-09
4.588404e-04 7.402471e-09 7.402471e-09 7.402471e-09 -3.701236e-09 -3.701236e-09 -3.701235e-09
4.641589e-04 7.932225e-09 7.932225e-09 7.932225e-09 -3.966113e-09 -3.966113e-09 -3.966112e-09
4.695390e-04 8.499885e-09 8.499885e-09 8.499885e-09 -4.249943e-09 -4.249943e-09 -4.249942e-09
4.749815e-04 9.108164e-09 9.108163e-09 9.108163e-09 -4.554082e-09 -4.554082e-09 -4.554081e-09
4.804870e-04 9.759966e-09 9.759965e-09 9.759965e-09 -4.879983e-09 -4.879983e-09 -4.879982e-09
4.860564e-04 1.045841e-08 1.045841e-08 1.045841e-08 -5.229203e-09 -5.229203e-09 -5.229202e-09
4.916904e-04 1.120682e-08 1.120682e-08 1.120682e-08 -5.603409e-09 -5.603409e-09 -5.603409e-09
4.973896e-04 1.200878e-08 1.200878e-08 1.200878e-08 -6.004391e-09 -6.004391e-09 -6.004390e-09
5.031549e-04 1.286812e-08 1.286812e-08 1.286812e-08 -6.434061e-09 -6.434061e-09 -6.434061e-09
5.089870e-04 1.378895e-08 1.378895e-08 1.378895e-08 -6.894474e-09 -6.894474e-09 -6.894473e-09
5.148867e-04 1.477565e-08 1.477565e-08 1.477565e-08 -7.387827e-09 -7.387827e-09 -7.387827e-09
5.208549e-04 1.583296e-08 1.583296e-08 1.583296e-08 -7.916478e-09 -7.916478e-09 -7.916477e-09
5.268921e-04 1.696590e-08 1.696590e-08 1.696590e-08 -8.482951e-09 -8.482951e-09 -8.482950e-09
5.329994e-04 1.817990e-08 1.817990e-08 1.817990e-08 -9.089951e-09 -9.089951e-09 -9.089950e-09
5.391775e-04 1.948075e-08 1.948075e-08 1.948075e-08 -9.740376e-09 -9.740376e-09 -9.740375e-09
5.454271e-04 2.087467e-08 2.087467e-08 2.087467e-08 -1.043733e-08 -1.043733e-08 -1.043733e-08
5.517492e-04 2.236830e-08 2.236830e-08 2.236830e-08 -1.118415e-08 -1.118415e-08 -1.118415e-08
5.581446e-04 2.396879e-08 2.396879e-08 2.396879e-08 -1.198440e-08 -1.198440e-08 -1.198439e-08
5.646141e-04 2.568377e-08 2.568377e-08 2.568377e-08 -1.284189e-08 -1.284189e-08 -1.284189e-08
5.711586e-04 2.752144e-08 2.752144e-08 2.752144e-08 -1.376072e-08 -1.376072e-08 -1.376072e-08
5.777790e-04 2.949056e-08 2.949056e-08 2.949056e-08 -1.474528e-08 -1.474528e-08 -1.474528e-08
5.844761e-04 3.160053e-08 3.160053e-08 3.160053e-08 -1.580027e-08 -1.580027e-08 -1.580027e-08
5.912508e-04 3.386144e-08 3.386144e-08 3.386144e-08 -1.693072e-08 -1.693072e-08 -1.693072e-08
5.981041e-04 3.628407e-08 3.628407e-08 3.628407e-08 -1.814204e-08 -1.814204e-08 -1.814203e-08
6.050368e-04 3.887999e-08 3.887999e-08 3.887999e-08 -1.943999e-08 -1.943999e-08 -1.943999e-08
6.120498e-04 4.166158e-08 4.166158e-08 4.166158e-08 -2.083079e-08 -2.083079e-08 -2.083079e-08
6.191442e-04 4.464213e-08 4.464213e-08 4.464213e-08 -2.232107e-08 -2.232107e-08 -2.232107e-08
6.263207e-04 4.783587e-08 4.783586e-08 4.783586e-08 -2.391793e-08 -2.391793e-08 -2.391793e-08
6.335805e-04 5.125802e-08 5.125802e-08 5.125802e-08 -2.562901e-08 -2.562901e-08 -2.562901e-08
6.409244e-04 5.492493e-08 5.492493e-08 5.492493e-08 -2.746247e-08 -2.746247e-08 -2.746246e-08
6.483534e-04 5.885409e-08 5.885409e-08 5.885409e-08 -2.942705e-08 -2.942705e-08 -2.942704e-08
6.558686e-04 6.306426e-08 6.306426e-08 6.306426e-08 -3.153213e-08 -3.153213e-08 -3.153213e-08
6.634708e-04 6.757552e-08 6.757552e-08 6.757552e-08 -3.378776e-08 -3.378776e-08 -3.378776e-08
6.711612e-04 7.240940e-08 7.240939e-08 7.240939e-08 -3.620470e-08 -3.620470e-08 -3.620469e-08
6.789407e-04 7.758895e-08 7.758895e-08 7.758895e-08 -3.879447e-08 -3.879447e-08 -3.879447e-08
6.868104e-04 8.313889e-08 8.313889e-08 8.313889e-08 -4.156945e-08 -4.156945e-08 -4.156944e-08
6.947713e-04 8.908570e-08 8.908570e-08 8.908570e-08 -4.454285e-08 -4.454285e-08 -4.454285e-08
7.028244e-04 9.545774e-08 9.545774e-08 9.545774e-08 -4.772887e-08 -4.772887e-08 -4.772887e-08
7.109709e-04 1.022854e-07 1.022854e-07 1.022854e-07 -5.114271e-08 -5.114271e-08 -5.114270e-08
7.192119e-04 1.096013e-07 1.096013e-07 1.096013e-07 -5.480064e-08 -5.480064e-08 -5.480063e-08
7.275484e-04 1.174402e-07 1.174402e-07 1.174402e-07 -5.872011e-08 -5.872011e-08 -5.872010e-08
7.359814e-04 1.258396e-07 1.258396e-07 1.258396e-07 -6.291981e-08 -6.291981e-08 -6.291980e-08
7.445123e-04 1.348395e-07 1.348395e-07 1.348395e-07 -6.741977e-08 -6.741977e-08 -6.741976e-08
7.531420e-04 1.444829e-07 1.444829e-07 1.444829e-07 -7.224145e-08 -7.224145e-08 -7.224144e-08
7.618718e-04 1.548157e-07 1.548156e-07 1.548156e-07 -7.740783e-08 -7.740783e-08 -7.740782e-08
7.707027e-04 1.658871e-07 1.658871e-07 1.658871e-07 -8.294355e-08 -8.294355e-08 -8.294354e-08
7.796360e-04 1.777500e-07 1.777500e-07 1.777500e-07 -8.887499e-08 -8.887499e-08 -8.887498e-08
7.886729e-04 1.904609e-07 1.904609e-07 1.904609e-07 -9.523043e-08 -9.523043e-08 -9.523042e-08
7.978145e-04 2.040803e-07 2.040803e-07 2.040803e-07 -1.020402e-07 -1.020402e-07 -1.020402e-07
8.070620e-04 2.186733e-07 2.186733e-07 2.186733e-07 -1.093366e-07 -1.093366e-07 -1.093366e-07
8.164168e-04 2.343093e-07 2.343093e-07 2.343093e-07 -1.171546e-07 -1.171546e-07 -1.171546e-07
8.258799e-04 2.510628e-07 2.510628e-07 2.510628e-07 -1.255314e-07 -1.255314e-07 -1.255314e-07
8.354528e-04 2.690137e-07 2.690137e-07 2.690137e-07 -1.345069e-07 -1.345069e-07 -1.345069e-07
8.451366e-04 2.882476e-07 2.882475e-07 2.882475e-07 -1.441238e-07 -1.441238e-07 -1.441238e-07
8.549327e-04 3.088559e-07 3.088559e-07 3.088559e-07 -1.544280e-07 -1.544280e-07 -1.544279e-07
8.648423e-04 3.309369e-07 3.309369e-07 3.309369e-07 -1.654685e-07 -1.654685e-07 -1.654685e-07
8.748668e-04 3.545958e-07 3.545958e-07 3.545958e-07 -1.772979e-07 -1.772979e-07 -1.772979e-07
8.850075e-04 3.799453e-07 3.799452e-07 3.799452e-07 -1.899726e-07 -1.899726e-07 -1.899726e-07
8.952657e-04 4.071060e-07 4.071059e-07 4.071059e-07 -2.035530e-07 -2.035530e-07 -2.035530e-07
9.056428e-04 4.362072e-07 4.362072e-07 4.362072e-07 -2.181036e-07 -2.181036e-07 -2.181036e-07
9.161402e-04 4.673876e-07 4.673876e-07 4.673876e-07 -2.336938e-07 -2.336938e-07 -2.336938e-07
9.267593e-04 5.007956e-07 5.007956e-07 5.007956e-07 -2.503978e-07 -2.503978e-07 -2.503978e-07
9.375015e-04 5.365902e-07 5.365902e-07 5.365902e-07 -2.682951e-07 -2.682951e-07 -2.682951e-07
9.483682e-04 5.749417e-07 5.749417e-07 5.749417e-07 -2.874709e-07 -2.874709e-07 -2.874708e-07
9.593608e-04 6.160327e-07 6.160327e-07 6.160327e-07 -3.080163e-07 -3.080163e-07 -3.080163e-07
9.704809e-04 6.600587e-07 6.600586e-07 6.600586e-07 -3.300293e-07 -3.300293e-07 -3.300293e-07
9.817298e-04 7.072291e-07 7.072291e-07 7.072291e-07 -3.536146e-07 -3.536146e-07 -3.536145e-07
9.931092e-04 7.577684e-07 7.577684e-07 7.577684e-07 -3.788842e-07 -3.788842e-07 -3.788842e-07
1.004620e-03 8.119169e-07 8.119169e-07 8.119169e-07 -4.059585e-07 -4.059585e-07 -4.059584e-07
1.016265e-03 8.699322e-07 8.699322e-07 8.699322e-07 -4.349661e-07 -4.349661e-07 -4.349661e-07
1.028045e-03 9.320902e-07 9.320901e-07 9.320901e-07 -4.660451e-07 -4.660451e-07 -4.660451e-07
1.039961e-03 9.986863e-07 9.986863e-07 9.986863e-07 -4.993432e-07 -4.993432e-07 -4.993431e-07
1.052015e-03 1.070037e-06 1.070037e-06 1.070037e-06 -5.350186e-07 -5.350186e-07 -5.350186e-07
1.064209e-03 1.146482e-06 1.146482e-06 1.146482e-06 -5.732411e-07 -5.732411e-07 -5.732410e-07
1.076545e-03 1.228384e-06 1.228384e-06 1.228384e-06 -6.141922e-07 -6.141922e-07 -6.141921e-07
1.089023e-03 1.316133e-06 1.316133e-06 1.316133e-06 -6.580665e-07 -6.580665e-07 -6.580664e-07
1.101646e-03 1.410145e-06 1.410145e-06 1.410145e-06 -7.050724e-07 -7.050724e-07 -7.050724e-07
1.114415e-03 1.510867e-06 1.510867e-06 1.510867e-06 -7.554334e-07 -7.554334e-07 -7.554333e-07
1.127333e-03 1.618777e-06 1.618777e-06 1.618777e-06 -8.093885e-07 -8.093885e-07 -8.093884e-07
1.140400e-03 1.734388e-06 1.734388e-06 1.734388e-06 -8.671941e-07 -8.671941e-07 -8.671940e-07
1.153618e-03 1.858249e-06 1.858249e-06 1.858249e-06 -9.291244e-07 -9.291244e-07 -9.291244e-07
1.166990e-03 1.990947e-06 1.990947e-06 1.990947e-06 -9.954737e-07 -9.954737e-07 -9.954736e-07
1.180517e-03 2.133114e-06 2.133113e-06 2.133113e-06 -1.066557e-06 -1.066557e-06 -1.066557e-06
1.194200e-03 2.285422e-06 2.285422e-06 2.285422e-06 -1.142711e-06 -1.142711e-06 -1.142711e-06
1.208042e-03 2.448595e-06 2.448595e-06 2.448595e-06 -1.224298e-06 -1.224298e-06 -1.224297e-06
1.222045e-03 2.623407e-06 2.623407e-06 2.623407e-06 -1.311704e-06 -1.311704e-06 -1.311704e-06
1.236210e-03 2.810687e-06 2.810687e-06 2.810687e-06 -1.405344e-06 -1.405344e-06 -1.405344e-06
1.250539e-03 3.011324e-06 3.011324e-06 3.011324e-06 -1.505662e-06 -1.505662e-06 -1.505662e-06
1.265034e-03 3.226268e-06 3.226267e-06 3.226267e-06 -1.613134e-06 -1.613134e-06 -1.613134e-06
1.279697e-03 3.456537e-06 3.456537e-06 3.456537e-06 -1.728269e-06 -1.728269e-06 -1.728269e-06
1.294530e-03 3.703225e-06 3.703225e-06 3.703225e-06 -1.851612e-06 -1.851612e-06 -1.851612e-06
1.309535e-03 3.967498e-06 3.967498e-06 3.967498e-06 -1.983749e-06 -1.983749e-06 -1.983749e-06
1.324714e-03 4.250610e-06 4.250610e-06 4.250610e-06 -2.125305e-06 -2.125305e-06 -2.125305e-06
1.340069e-03 4.553900e-06 4.553900e-06 4.553900e-06 -2.276950e-06 -2.276950e-06 -2.276950e-06
1.355602e-03 4.878805e-06 4.878805e-06 4.878805e-06 -2.439403e-06 -2.439403e-06 -2.439402e-06
1.371315e-03 5.226863e-06 5.226863e-06 5.226863e-06 -2.613432e-06 -2.613432e-06 -2.613431e-06
1.387210e-03 5.599721e-06 5.599721e-06 5.599721e-06 -2.799861e-06 -2.799861e-06 -2.799860e-06
1.403289e-03 5.999143e-06 5.999143e-06 5.999143e-06 -2.999572e-06 -2.999572e-06 -2.999571e-06
1.419555e-03 6.427018e-06 6.427018e-06 6.427018e-06 -3.213509e-06 -3.213509e-06 -3.213509e-06
1.436009e-03 6.885370e-06 6.885370e-06 6.885370e-06 -3.442685e-06 -3.442685e-06 -3.442685e-06
1.452654e-03 7.376365e-06 7.376365e-06 7.376365e-06 -3.688183e-06 -3.688183e-06 -3.688182e-06
1.469492e-03 7.902325e-06 7.902324e-06 7.902324e-06 -3.951162e-06 -3.951162e-06 -3.951162e-06
1.486525e-03 8.465733e-06 8.465733e-06 8.465733e-06 -4.232867e-06 -4.232867e-06 -4.232866e-06
1.503755e-03 9.069252e-06 9.069251e-06 9.069251e-06 -4.534626e-06 -4.534626e-06 -4.534626e-06
1.521186e-03 9.715731e-06 9.715731e-06 9.715731e-06 -4.857866e-06 -4.857866e-06 -4.857865e-06
1.538818e-03 1.040822e-05 1.040822e-05 1.040822e-05 -5.204111e-06 -5.204111e-06 -5.204111e-06
1.556654e-03 1.114999e-05 1.114999e-05 1.114999e-05 -5.574997e-06 -5.574997e-06 -5.574996e-06
1.574698e-03 1.194455e-05 1.194454e-05 1.194454e-05 -5.972273e-06 -5.972273e-06 -5.972272e-06
1.592950e-03 1.279562e-05 1.279562e-05 1.279562e-05 -6.397812e-06 -6.397812e-06 -6.397811e-06
1.611414e-03 1.370724e-05 1.370724e-05 1.370724e-05 -6.853621e-06 -6.853621e-06 -6.853620e-06
1.630092e-03 1.468370e-05 1.468369e-05 1.468369e-05 -7.341848e-06 -7.341848e-06 -7.341847e-06
1.648987e-03 1.572959e-05 1.572958e-05 1.572958e-05 -7.864793e-06 -7.864793e-06 -7.864792e-06
1.668101e-03 1.684984e-05 1.684984e-05 1.684984e-05 -8.424919e-06 -8.424919e-06 -8.424919e-06
1.687436e-03 1.804973e-05 1.804973e-05 1.804973e-05 -9.024864e-06 -9.024864e-06 -9.024863e-06
1.706995e-03 1.933490e-05 1.933490e-05 1.933490e-05 -9.667451e-06 -9.667451e-06 -9.667450e-06
1.726781e-03 2.071141e-05 2.071140e-05 2.071140e-05 -1.035570e-05 -1.035570e-05 -1.035570e-05
1.746796e-03 2.218571e-05 2.218571e-05 2.218571e-05 -1.109286e-05 -1.109286e-05 -1.109286e-05
1.767044e-03 2.376475e-05 2.376475e-05 2.376475e-05 -1.188238e-05 -1.188238e-05 -1.188238e-05
1.787526e-03 2.545595e-05 2.545595e-05 2.545595e-05 -1.272797e-05 -1.272797e-05 -1.272797e-05
1.808245e-03 2.726724e-05 2.726724e-05 2.726724e-05 -1.363362e-05 -1.363362e-05 -1.363362e-05
1.829205e-03 2.920713e-05 2.920713e-05 2.920713e-05 -1.460356e-05 -1.460356e-05 -1.460356e-05
1.850407e-03 3.128472e-05 3.128472e-05 3.128472e-05 -1.564236e-05 -1.564236e-05 -1.564236e-05
1.871855e-03 3.350977e-05 3.350977e-05 3.350977e-05 -1.675488e-05 -1.675488e-05 -1.675488e-05
1.893552e-03 3.589269e-05 3.589269e-05 3.589269e-05 -1.794635e-05 -1.794635e-05 -1.794635e-05
1.915501e-03 3.844467e-05 3.844467e-05 3.844467e-05 -1.922234e-05 -1.922234e-05 -1.922233e-05
1.937703e-03 4.117765e-05 4.117765e-05 4.117765e-05 -2.058882e-05 -2.058882e-05 -2.058882e-05
1.960163e-03 4.410443e-05 4.410442e-05 4.410442e-05 -2.205221e-05 -2.205221e-05 -2.205221e-05
1.982884e-03 4.723870e-05 4.723869e-05 4.723869e-05 -2.361935e-05 -2.361935e-05 -2.361935e-05
2.005868e-03 5.059512e-05 5.059512e-05 5.059512e-05 -2.529756e-05 -2.529756e-05 -2.529756e-05
2.029118e-03 5.418939e-05 5.418938e-05 5.418938e-05 -2.709469e-05 -2.709469e-05 -2.709469e-05
2.052638e-03 5.803829e-05 5.803829e-05 5.803829e-05 -2.901914e-05 -2.901914e-05 -2.901914e-05
2.076430e-03 6.215980e-05 6.215979e-05 6.215979e-05 -3.107990e-05 -3.107990e-05 -3.107990e-05
2.100498e-03 6.657315e-05 6.657314e-05 6.657314e-05 -3.328657e-05 -3.328657e-05 -3.328657e-05
2.124845e-03 7.129892e-05 7.129892e-05 7.129892e-05 -3.564946e-05 -3.564946e-05 -3.564946e-05
2.149475e-03 7.635915e-05 7.635914e-05 7.635914e-05 -3.817957e-05 -3.817957e-05 -3.817957e-05
2.174389e-03 8.177740e-05 8.177740e-05 8.177740e-05 -4.088870e-05 -4.088870e-05 -4.088870e-05
2.199593e-03 8.757890e-05 8.757890e-05 8.757890e-05 -4.378945e-05 -4.378945e-05 -4.378945e-05
2.225089e-03 9.379065e-05 9.379064e-05 9.379064e-05 -4.689532e-05 -4.689532e-05 -4.689532e-05
2.250880e-03 1.004415e-04 1.004415e-04 1.004415e-04 -5.022076e-05 -5.022076e-05 -5.022075e-05
2.276970e-03 1.075624e-04 1.075624e-04 1.075624e-04 -5.378120e-05 -5.378120e-05 -5.378120e-05
2.303363e-03 1.151864e-04 1.151864e-04 1.151864e-04 -5.759320e-05 -5.759320e-05 -5.759319e-05
2.330061e-03 1.233488e-04 1.233488e-04 1.233488e-04 -6.167442e-05 -6.167442e-05 -6.167441e-05
2.357069e-03 1.320876e-04 1.320876e-04 1.320876e-04 -6.604379e-05 -6.604379e-05 -6.604379e-05
2.384390e-03 1.414431e-04 1.414431e-04 1.414431e-04 -7.072157e-05 -7.072157e-05 -7.072156e-05
2.412028e-03 1.514588e-04 1.514588e-04 1.514588e-04 -7.572940e-05 -7.572940e-05 -7.572939e-05
2.439986e-03 1.621809e-04 1.621809e-04 1.621809e-04 -8.109045e-05 -8.109045e-05 -8.109044e-05
2.468268e-03 1.736590e-04 1.736590e-04 1.736590e-04 -8.682950e-05 -8.682950e-05 -8.682949e-05
2.496878e-03 1.859461e-04 1.859461e-04 1.859461e-04 -9.297305e-05 -9.297305e-05 -9.297304e-05
2.525820e-03 1.990989e-04 1.990989e-04 1.990989e-04 -9.954947e-05 -9.954947e-05 -9.954946e-05
2.555097e-03 2.131781e-04 2.131781e-04 2.131781e-04 -1.065891e-04 -1.065891e-04 -1.065891e-04
2.584714e-03 2.282485e-04 2.282485e-04 2.282485e-04 -1.141243e-04 -1.141243e-04 -1.141243e-04
2.614673e-03 2.443795e-04 2.443795e-04 2.443795e-04 -1.221898e-04 -1.221898e-04 -1.221898e-04
2.644980e-03 2.616453e-04 2.616453e-04 2.616453e-04 -1.308227e-04 -1.308227e-04 -1.308226e-04
2.675638e-03 2.801251e-04 2.801251e-04 2.801251e-04 -1.400626e-04 -1.400626e-04 -1.400626e-04
2.706652e-03 2.999039e-04 2.999039e-04 2.999039e-04 -1.499519e-04 -1.499519e-04 -1.499519e-04
2.738025e-03 3.210722e-04 3.210722e-04 3.210722e-04 -1.605361e-04 -1.605361e-04 -1.605361e-04
2.769762e-03 3.437271e-04 3.437271e-04 3.437271e-04 -1.718636e-04 -1.718636e-04 -1.718635e-04
2.801867e-03 3.679722e-04 3.679722e-04 3.679722e-04 -1.839861e-04 -1.839861e-04 -1.839861e-04
2.834343e-03 3.939184e-04 3.939184e-04 3.939184e-04 -1.969592e-04 -1.969592e-04 -1.969592e-04
2.867196e-03 4.216841e-04 4.216840e-04 4.216840e-04 -2.108420e-04 -2.108420e-04 -2.108420e-04
2.900430e-03 4.513959e-04 4.513959e-04 4.513959e-04 -2.256979e-04 -2.256979e-04 -2.256979e-04
2.934050e-03 4.831892e-04 4.831892e-04 4.831892e-04 -2.415946e-04 -2.415946e-04 -2.415946e-04
2.968059e-03 5.172087e-04 5.172087e-04 5.172087e-04 -2.586044e-04 -2.586044e-04 -2.586043e-04
3.002462e-03 5.536091e-04 5.536090e-04 5.536090e-04 -2.768045e-04 -2.768045e-04 -2.768045e-04
3.037264e-03 5.925554e-04 5.925554e-04 5.925554e-04 -2.962777e-04 -2.962777e-04 -2.962777e-04
3.072469e-03 6.342244e-04 6.342244e-04 6.342244e-04 -3.171122e-04 -3.171122e-04 -3.171122e-04
3.108082e-03 6.788047e-04 6.788047e-04 6.788047e-04 -3.394024e-04 -3.394024e-04 -3.394023e-04
3.144108e-03 7.264979e-04 7.264979e-04 7.264979e-04 -3.632489e-04 -3.632489e-04 -3.632489e-04
3.180552e-03 7.775193e-04 7.775193e-04 7.775193e-04 -3.887596e-04 -3.887596e-04 -3.887596e-04
3.217418e-03 8.320991e-04 8.320990e-04 8.320990e-04 -4.160495e-04 -4.160495e-04 -4.160495e-04
3.254712e-03 8.904830e-04 8.904829e-04 8.904829e-04 -4.452415e-04 -4.452415e-04 -4.452414e-04
3.292437e-03 9.529335e-04 9.529335e-04 9.529335e-04 -4.764668e-04 -4.764668e-04 -4.764667e-04
3.330600e-03 1.019731e-03 1.019731e-03 1.019731e-03 -5.098656e-04 -5.098656e-04 -5.098655e-04
3.369206e-03 1.091175e-03 1.091175e-03 1.091175e-03 -5.455876e-04 -5.455876e-04 -5.455876e-04
3.408259e-03 1.167586e-03 1.167586e-03 1.167586e-03 -5.837929e-04 -5.837929e-04 -5.837928e-04
3.447764e-03 1.249304e-03 1.249304e-03 1.249304e-03 -6.246520e-04 -6.246520e-04 -6.246519e-04
3.487727e-03 1.336695e-03 1.336695e-03 1.336695e-03 -6.683473e-04 -6.683473e-04 -6.683472e-04
3.528154e-03 1.430147e-03 1.430147e-03 1.430147e-03 -7.150734e-04 -7.150734e-04 -7.150733e-04
3.569049e-03 1.530076e-03 1.530076e-03 1.530076e-03 -7.650381e-04 -7.650381e-04 -7.650380e-04
3.610419e-03 1.636926e-03 1.636926e-03 1.636926e-03 -8.184631e-04 -8.184631e-04 -8.184630e-04
3.652267e-03 1.751170e-03 1.751170e-03 1.751170e-03 -8.755851e-04 -8.755851e-04 -8.755850e-04
3.694601e-03 1.873314e-03 1.873314e-03 1.873314e-03 -9.366568e-04 -9.366568e-04 -9.366567e-04
3.737426e-03 2.003895e-03 2.003895e-03 2.003895e-03 -1.001948e-03 -1.001948e-03 -1.001948e-03
3.780747e-03 2.143491e-03 2.143491e-03 2.143491e-03 -1.071745e-03 -1.071745e-03 -1.071745e-03
3.824570e-03 2.292713e-03 2.292713e-03 2.292713e-03 -1.146357e-03 -1.146357e-03 -1.146356e-03
3.868901e-03 2.452218e-03 2.452218e-03 2.452218e-03 -1.226109e-03 -1.226109e-03 -1.226109e-03
3.913746e-03 2.622702e-03 2.622702e-03 2.622702e-03 -1.311351e-03 -1.311351e-03 -1.311351e-03
3.959110e-03 2.804912e-03 2.804912e-03 2.804912e-03 -1.402456e-03 -1.402456e-03 -1.402456e-03
4.005001e-03 2.999641e-03 2.999641e-03 2.999641e-03 -1.499820e-03 -1.499820e-03 -1.499820e-03
4.051423e-03 3.207736e-03 3.207736e-03 3.207736e-03 -1.603868e-03 -1.603868e-03 -1.603868e-03
4.098384e-03 3.430099e-03 3.430099e-03 3.430099e-03 -1.715049e-03 -1.715049e-03 -1.715049e-03
4.145888e-03 3.667694e-03 3.667694e-03 3.667694e-03 -1.833847e-03 -1.833847e-03 -1.833847e-03
4.193944e-03 3.921546e-03 3.921546e-03 3.921546e-03 -1.960773e-03 -1.960773e-03 -1.960773e-03
4.242556e-03 4.192748e-03 4.192748e-03 4.192748e-03 -2.096374e-03 -2.096374e-03 -2.096374e-03
4.291732e-03 4.482465e-03 4.482465e-03 4.482465e-03 -2.241232e-03 -2.241232e-03 -2.241232e-03
4.341478e-03 4.791939e-03 4.791938e-03 4.791938e-03 -2.395969e-03 -2.395969e-03 -2.395969e-03
4.391801e-03 5.122491e-03 5.122490e-03 5.122490e-03 -2.561245e-03 -2.561245e-03 -2.561245e-03
4.442707e-03 5.475529e-03 5.475529e-03 5.475529e-03 -2.737764e-03 -2.737764e-03 -2.737764e-03
4.494203e-03 5.852555e-03 5.852554e-03 5.852554e-03 -2.926277e-03 -2.926277e-03 -2.926277e-03
4.546295e-03 6.255163e-03 6.255163e-03 6.255163e-03 -3.127581e-03 -3.127581e-03 -3.127581e-03
4.598992e-03 6.685055e-03 6.685055e-03 6.685055e-03 -3.342527e-03 -3.342527e-03 -3.342527e-03
4.652300e-03 7.144040e-03 7.144039e-03 7.144039e-03 -3.572019e-03 -3.572019e-03 -3.572019e-03
4.706225e-03 7.634044e-03 7.634043e-03 7.634043e-03 -3.817021e-03 -3.817021e-03 -3.817021e-03
4.760775e-03 8.157116e-03 8.157115e-03 8.157115e-03 -4.078557e-03 -4.078557e-03 -4.078557e-03
4.815958e-03 8.715436e-03 8.715436e-03 8.715436e-03 -4.357717e-03 -4.357717e-03 -4.357717e-03
4.871780e-03 9.311324e-03 9.311324e-03 9.311324e-03 -4.655661e-03 -4.655661e-03 -4.655661e-03
4.928250e-03 9.947247e-03 9.947246e-03 9.947246e-03 -4.973622e-03 -4.973622e-03 -4.973622e-03
4.985373e-03 1.062583e-02 1.062582e-02 1.062582e-02 -5.312911e-03 -5.312911e-03 -5.312911e-03
5.043159e-03 1.134985e-02 1.134985e-02 1.134985e-02 -5.674923e-03 -5.674923e-03 -5.674922e-03
5.101615e-03 1.212228e-02 1.212228e-02 1.212228e-02 -6.061137e-03 -6.061137e-03 -6.061137e-03
5.160749e-03 1.294626e-02 1.294626e-02 1.294626e-02 -6.473130e-03 -6.473130e-03 -6.473130e-03
5.220568e-03 1.382515e-02 1.382515e-02 1.382515e-02 -6.912574e-03 -6.912574e-03 -6.912573e-03
5.281080e-03 1.476249e-02 1.476249e-02 1.476249e-02 -7.381244e-03 -7.381244e-03 -7.381244e-03
5.342293e-03 1.576206e-02 1.576206e-02 1.576206e-02 -7.881028e-03 -7.881028e-03 -7.881028e-03
5.404216e-03 1.682786e-02 1.682786e-02 1.682786e-02 -8.413929e-03 -8.413929e-03 -8.413928e-03
5.466857e-03 1.796415e-02 1.796415e-02 1.796415e-02 -8.982072e-03 -8.982072e-03 -8.982071e-03
5.530224e-03 1.917543e-02 1.917543e-02 1.917543e-02 -9.587712e-03 -9.587712e-03 -9.587712e-03
5.594326e-03 2.046650e-02 2.046650e-02 2.046650e-02 -1.023324e-02 -1.023324e-02 -1.023324e-02
5.659170e-03 2.184242e-02 2.184242e-02 2.184242e-02 -1.092121e-02 -1.092121e-02 -1.092121e-02
5.724766e-03 2.330859e-02 2.330859e-02 2.330859e-02 -1.165429e-02 -1.165429e-02 -1.165429e-02
5.791123e-03 2.487070e-02 2.487070e-02 2.487070e-02 -1.243534e-02 -1.243534e-02 -1.243534e-02
5.858248e-03 2.653481e-02 2.653481e-02 2.653481e-02 -1.326740e-02 -1.326740e-02 -1.326739e-02
5.926152e-03 2.830731e-02 2.830731e-02 2.830731e-02 -1.415365e-02 -1.415365e-02 -1.415364e-02
5.994843e-03 3.019500e-02 3.019500e-02 3.019500e-02 -1.509749e-02 -1.509749e-02 -1.509748e-02
6.064329e-03 3.220504e-02 3.220504e-02 3.220504e-02 -1.610251e-02 -1.610251e-02 -1.610251e-02
6.134622e-03 3.434505e-02 3.434505e-02 3.434505e-02 -1.717251e-02 -1.717251e-02 -1.717251e-02
6.205729e-03 3.662306e-02 3.662306e-02 3.662306e-02 -1.831151e-02 -1.831151e-02 -1.831151e-02
6.277660e-03 3.904758e-02 3.904758e-02 3.904758e-02 -1.952377e-02 -1.952377e-02 -1.952377e-02
6.350425e-03 4.162760e-02 4.162760e-02 4.162760e-02 -2.081378e-02 -2.081378e-02 -2.081377e-02
6.424034e-03 4.437262e-02 4.437262e-02 4.437262e-02 -2.218628e-02 -2.218628e-02 -2.218628e-02
6.498495e-03 4.729269e-02 4.729268e-02 4.729268e-02 -2.364631e-02 -2.364631e-02 -2.364631e-02
6.573820e-03 5.039839e-02 5.039839e-02 5.039839e-02 -2.519916e-02 -2.519916e-02 -2.519916e-02
6.650018e-03 5.370094e-02 5.370094e-02 5.370094e-02 -2.685043e-02 -2.685043e-02 -2.685043e-02
6.727099e-03 5.721212e-02 5.721212e-02 5.721212e-02 -2.860602e-02 -2.860602e-02 -2.860601e-02
6.805074e-03 6.094441e-02 6.094441e-02 6.094441e-02 -3.047215e-02 -3.047215e-02 -3.047215e-02
6.883952e-03 6.491092e-02 6.491092e-02 6.491092e-02 -3.245540e-02 -3.245540e-02 -3.245540e-02
6.963745e-03 6.912550e-02 6.912549e-02 6.912549e-02 -3.456268e-02 -3.456268e-02 -3.456268e-02
7.044462e-03 7.360270e-02 7.360270e-02 7.360270e-02 -3.680127e-02 -3.680127e-02 -3.680127e-02
7.126115e-03 7.835788e-02 7.835787e-02 7.835787e-02 -3.917885e-02 -3.917885e-02 -3.917885e-02
7.208715e-03 8.340716e-02 8.340716e-02 8.340716e-02 -4.170348e-02 -4.170348e-02 -4.170347e-02
7.292272e-03 8.876752e-02 8.876752e-02 8.876752e-02 -4.438364e-02 -4.438364e-02 -4.438364e-02
7.376798e-03 9.445679e-02 9.445679e-02 9.445679e-02 -4.722826e-02 -4.722826e-02 -4.722826e-02
7.462303e-03 1.004937e-01 1.004937e-01 1.004937e-01 -5.024670e-02 -5.024670e-02 -5.024669e-02
7.548799e-03 1.068979e-01 1.068979e-01 1.068979e-01 -5.344878e-02 -5.344878e-02 -5.344878e-02
7.636298e-03 1.136901e-01 1.136900e-01 1.136900e-01 -5.684483e-02 -5.684483e-02 -5.684482e-02
7.724811e-03 1.208917e-01 1.208917e-01 1.208917e-01 -6.044565e-02 -6.044565e-02 -6.044564e-02
7.814351e-03 1.285256e-01 1.285256e-01 1.285256e-01 -6.426256e-02 -6.426256e-02 -6.426256e-02
7.904928e-03 1.366155e-01 1.366154e-01 1.366154e-01 -6.830743e-02 -6.830743e-02 -6.830743e-02
7.996555e-03 1.451860e-01 1.451860e-01 1.451860e-01 -7.259266e-02 -7.259266e-02 -7.259265e-02
8.089243e-03 1.542632e-01 1.542632e-01 1.542632e-01 -7.713121e-02 -7.713121e-02 -7.713121e-02
8.183007e-03 1.638741e-01 1.638741e-01 1.638741e-01 -8.193663e-02 -8.193663e-02 -8.193662e-02
8.277857e-03 1.740471e-01 1.740471e-01 1.740471e-01 -8.702304e-02 -8.702304e-02 -8.702303e-02
8.373807e-03 1.848115e-01 1.848115e-01 1.848115e-01 -9.240518e-02 -9.240518e-02 -9.240518e-02
8.470868e-03 1.961981e-01 1.961981e-01 1.961981e-01 -9.809840e-02 -9.809840e-02 -9.809839e-02
8.569055e-03 2.082388e-01 2.082388e-01 2.082388e-01 -1.041187e-01 -1.041187e-01 -1.041187e-01
8.668380e-03 2.209668e-01 2.209668e-01 2.209668e-01 -1.104826e-01 -1.104826e-01 -1.104826e-01
8.768856e-03 2.344167e-01 2.344167e-01 2.344167e-01 -1.172074e-01 -1.172074e-01 -1.172074e-01
8.870497e-03 2.486241e-01 2.486241e-01 2.486241e-01 -1.243110e-01 -1.243110e-01 -1.243110e-01
8.973316e-03 2.636262e-01 2.636262e-01 2.636262e-01 -1.318119e-01 -1.318119e-01 -1.318119e-01
9.077327e-03 2.794613e-01 2.794613e-01 2.794613e-01 -1.397293e-01 -1.397293e-01 -1.397292e-01
9.182543e-03 2.961690e-01 2.961690e-01 2.961690e-01 -1.480829e-01 -1.480829e-01 -1.480829e-01
9.288979e-03 3.137903e-01 3.137903e-01 3.137903e-01 -1.568934e-01 -1.568934e-01 -1.568934e-01
9.396648e-03 3.323673e-01 3.323673e-01 3.323673e-01 -1.661816e-01 -1.661816e-01 -1.661816e-01
9.505566e-03 3.519434e-01 3.519434e-01 3.519434e-01 -1.759694e-01 -1.759694e-01 -1.759694e-01
9.615746e-03 3.725630e-01 3.725630e-01 3.725630e-01 -1.862789e-01 -1.862789e-01 -1.862789e-01
9.727203e-03 3.942719e-01 3.942719e-01 3.942719e-01 -1.971330e-01 -1.971330e-01 -1.971330e-01
9.839952e-03 4.171168e-01 4.171168e-01 4.171168e-01 -2.085550e-01 -2.085550e-01 -2.085550e-01
9.954008e-03 4.411453e-01 4.411453e-01 4.411453e-01 -2.205688e-01 -2.205688e-01 -2.205688e-01
1.006939e-02 4.664061e-01 4.664061e-01 4.664061e-01 -2.331987e-01 -2.331987e-01 -2.331987e-01
1.018610e-02 4.929486e-01 4.929486e-01 4.929486e-01 -2.464693e-01 -2.464693e-01 -2.464693e-01
1.030417e-02 5.208228e-01 5.208228e-01 5.208228e-01 -2.604058e-01 -2.604058e-01 -2.604058e-01
1.042361e-02 5.500794e-01 5.500793e-01 5.500793e-01 -2.750333e-01 -2.750333e-01 -2.750333e-01
1.054443e-02 5.807693e-01 5.807692e-01 5.807692e-01 -2.903774e-01 -2.903774e-01 -2.903774e-01
1.066665e-02 6.129438e-01 6.129437e-01 6.129437e-01 -3.064637e-01 -3.064637e-01 -3.064637e-01
1.079029e-02 6.466540e-01 6.466540e-01 6.466540e-01 -3.233178e-01 -3.233178e-01 -3.233178e-01
1.091536e-02 6.819511e-01 6.819511e-01 6.819511e-01 -3.409651e-01 -3.409651e-01 -3.409651e-01
1.104188e-02 7.188857e-01 7.188856e-01 7.188856e-01 -3.594310e-01 -3.594310e-01 -3.594310e-01
1.116987e-02 7.575074e-01 7.575074e-01 7.575074e-01 -3.787404e-01 -3.787404e-01 -3.787403e-01
1.129934e-02 7.978653e-01 7.978653e-01 7.978653e-01 -3.989176e-01 -3.989176e-01 -3.989176e-01
1.143031e-02 8.400069e-01 8.400069e-01 8.400069e-01 -4.199864e-01 -4.199864e-01 -4.199864e-01
1.156280e-02 8.839780e-01 8.839780e-01 8.839780e-01 -4.419698e-01 -4.419698e-01 -4.419697e-01
1.169683e-02 9.298224e-01 9.298223e-01 9.298223e-01 -4.648895e-01 -4.648895e-01 -4.648894e-01
1.183241e-02 9.775813e-01 9.775813e-01 9.775813e-01 -4.887662e-01 -4.887662e-01 -4.887661e-01
1.196956e-02 1.027293e+00 1.027293e+00 1.027293e+00 -5.136190e-01 -5.136190e-01 -5.136189e-01
1.210830e-02 1.078993e+00 1.078993e+00 1.078993e+00 -5.394653e-01 -5.394653e-01 -5.394653e-01
1.224865e-02 1.132712e+00 1.132712e+00 1.132712e+00 -5.663207e-01 -5.663207e-01 -5.663206e-01
1.239062e-02 1.188476e+00 1.188476e+00 1.188476e+00 -5.941982e-01 -5.941982e-01 -5.941982e-01
1.253424e-02 1.246306e+00 1.246306e+00 1.246306e+00 -6.231086e-01 -6.231086e-01 -6.231085e-01
1.267953e-02 1.306219e+00 1.306219e+00 1.306219e+00 -6.530596e-01 -6.530596e-01 -6.530595e-01
1.282650e-02 1.368224e+00 1.368224e+00 1.368224e+00 -6.840557e-01 -6.840557e-01 -6.840556e-01
1.297517e-02 1.432323e+00 1.432322e+00 1.432322e+00 -7.160980e-01 -7.160980e-01 -7.160979e-01
1.312557e-02 1.498509e+00 1.498509e+00 1.498509e+00 -7.491835e-01 -7.491835e-01 -7.491834e-01
1.327771e-02 1.566770e+00 1.566769e+00 1.566769e+00 -7.833050e-01 -7.833050e-01 -7.833049e-01
1.343161e-02 1.637080e+00 1.637080e+00 1.637080e+00 -8.184505e-01 -8.184505e-01 -8.184504e-01
1.358730e-02 1.709407e+00 1.709407e+00 1.709407e+00 -8.546029e-01 -8.546029e-01 -8.546028e-01
1.374479e-02 1.783704e+00 1.783704e+00 1.783704e+00 -8.917395e-01 -8.917395e-01 -8.917394e-01
1.390411e-02 1.859915e+00 1.859915e+00 1.859915e+00 -9.298316e-01 -9.298316e-01 -9.298315e-01
1.406527e-02 1.937970e+00 1.937970e+00 1.937970e+00 -9.688440e-01 -9.688440e-01 -9.688439e-01
1.422830e-02 2.017784e+00 2.017784e+00 2.017784e+00 -1.008734e+00 -1.008734e+00 -1.008734e+00
1.439323e-02 2.099259e+00 2.099259e+00 2.099259e+00 -1.049453e+00 -1.049453e+00 -1.049453e+00
1.456006e-02 2.182280e+00 2.182280e+00 2.182280e+00 -1.090943e+00 -1.090943e+00 -1.090943e+00
1.472883e-02 2.266716e+00 2.266716e+00 2.266716e+00 -1.133139e+00 -1.133139e+00 -1.133139e+00
1.489955e-02 2.352418e+00 2.352418e+00 2.352418e+00 -1.175964e+00 -1.175964e+00 -1.175964e+00
1.507225e-02 2.439219e+00 2.439219e+00 2.439219e+00 -1.219337e+00 -1.219337e+00 -1.219337e+00
1.524696e-02 2.526931e+00 2.526931e+00 2.526931e+00 -1.263162e+00 -1.263162e+00 -1.263162e+00
1.542369e-02 2.615349e+00 2.615349e+00 2.615349e+00 -1.307337e+00 -1.307337e+00 -1.307337e+00
1.560246e-02 2.704245e+00 2.704245e+00 2.704245e+00 -1.351748e+00 -1.351748e+00 -1.351748e+00
1.578331e-02 2.793369e+00 2.793369e+00 2.793369e+00 -1.396268e+00 -1.396268e+00 -1.396268e+00
1.596626e-02 2.882450e+00 2.882449e+00 2.882449e+00 -1.440764e+00 -1.440764e+00 -1.440764e+00
1.615133e-02 2.971194e+00 2.971194e+00 2.971194e+00 -1.485086e+00 -1.485086e+00 -1.485086e+00
1.633854e-02 3.059284e+00 3.059284e+00 3.059284e+00 -1.529077e+00 -1.529077e+00 -1.529077e+00
1.652792e-02 3.146382e+00 3.146382e+00 3.146382e+00 -1.572566e+00 -1.572566e+00 -1.572566e+00
1.671950e-02 3.232124e+00 3.232124e+00 3.232124e+00 -1.615372e+00 -1.615372e+00 -1.615372e+00
1.691330e-02 3.316125e+00 3.316125e+00 3.316125e+00 -1.657301e+00 -1.657301e+00 -1.657301e+00
1.710934e-02 3.397978e+00 3.397978e+00 3.397978e+00 -1.698150e+00 -1.698150e+00 -1.698150e+00
1.730766e-02 3.477253e+00 3.477252e+00 3.477252e+00 -1.737704e+00 -1.737704e+00 -1.737703e+00
1.750827e-02 3.553500e+00 3.553500e+00 3.553500e+00 -1.775736e+00 -1.775736e+00 -1.775736e+00
1.771121e-02 3.626251e+00 3.626251e+00 3.626251e+00 -1.812013e+00 -1.812013e+00 -1.812013e+00
1.791650e-02 3.695019e+00 3.695019e+00 3.695019e+00 -1.846290e+00 -1.846290e+00 -1.846290e+00
1.812418e-02 3.759301e+00 3.759301e+00 3.759301e+00 -1.878316e+00 -1.878316e+00 -1.878316e+00
1.833425e-02 3.818583e+00 3.818583e+00 3.818583e+00 -1.907833e+00 -1.907833e+00 -1.907833e+00
1.854677e-02 3.872337e+00 3.872337e+00 3.872337e+00 -1.934578e+00 -1.934578e+00 -1.934577e+00
1.876175e-02 3.920030e+00 3.920030e+00 3.920030e+00 -1.958282e+00 -1.958282e+00 -1.958282e+00
1.897922e-02 3.961124e+00 3.961124e+00 3.961124e+00 -1.978678e+00 -1.978678e+00 -1.978678e+00
1.919921e-02 3.995083e+00 3.995083e+00 3.995083e+00 -1.995497e+00 -1.995497e+00 -1.995496e+00
1.942175e-02 4.021374e+00 4.021374e+00 4.021374e+00 -2.008472e+00 -2.008472e+00 -2.008472e+00
1.964687e-02 4.039476e+00 4.039476e+00 4.039476e+00 -2.017342e+00 -2.017342e+00 -2.017342e+00
1.987460e-02 4.048880e+00 4.048880e+00 4.048880e+00 -2.021855e+00 -2.021855e+00 -2.021855e+00
2.010496e-02 4.049103e+00 4.049103e+00 4.049103e+00 -2.021769e+00 -2.021769e+00 -2.021768e+00
2.033800e-02 4.039686e+00 4.039686e+00 4.039686e+00 -2.016853e+00 -2.016853e+00 -2.016853e+00
2.057374e-02 4.020207e+00 4.020207e+00 4.020207e+00 -2.006900e+00 -2.006900e+00 -2.006900e+00
2.081222e-02 3.990287e+00 3.990287e+00 3.990287e+00 -1.991718e+00 -1.991718e+00 -1.991718e+00
2.105345e-02 3.949594e+00 3.949594e+00 3.949594e+00 -1.971145e+00 -1.971145e+00 -1.971145e+00
2.129749e-02 3.897856e+00 3.897856e+00 3.897856e+00 -1.945045e+00 -1.945045e+00 -1.945045e+00
2.154435e-02 3.834867e+00 3.834867e+00 3.834867e+00 -1.913317e+00 -1.913317e+00 -1.913317e+00
2.179407e-02 3.760495e+00 3.760495e+00 3.760495e+00 -1.875898e+00 -1.875898e+00 -1.875898e+00
2.204669e-02 3.674692e+00 3.674692e+00 3.674692e+00 -1.832765e+00 -1.832765e+00 -1.832765e+00
2.230223e-02 3.577501e+00 3.577501e+00 3.577501e+00 -1.783943e+00 -1.783943e+00 -1.783943e+00
2.256074e-02 3.469064e+00 3.469064e+00 3.469064e+00 -1.729506e+00 -1.729506e+00 -1.729506e+00
2.282224e-02 3.349633e+00 3.349633e+00 3.349633e+00 -1.669583e+00 -1.669583e+00 -1.669583e+00
2.308678e-02 3.219574e+00 3.219574e+00 3.219574e+00 -1.604362e+00 -1.604362e+00 -1.604362e+00
2.335438e-02 3.079377e+00 3.079376e+00 3.079376e+00 -1.534091e+00 -1.534091e+00 -1.534091e+00
2.362508e-02 2.929657e+00 2.929657e+00 2.929657e+00 -1.459084e+00 -1.459084e+00 -1.459084e+00
2.389893e-02 2.771167e+00 2.771167e+00 2.771167e+00 -1.379720e+00 -1.379720e+00 -1.379720e+00
2.417594e-02 2.604796e+00 2.604796e+00 2.604796e+00 -1.296450e+00 -1.296450e+00 -1.296449e+00
2.445617e-02 2.431572e+00 2.431572e+00 2.431572e+00 -1.209792e+00 -1.209792e+00 -1.209792e+00
2.473964e-02 2.252665e+00 2.252665e+00 2.252665e+00 -1.120337e+00 -1.120337e+00 -1.120337e+00
2.502640e-02 2.069384e+00 2.069384e+00 2.069384e+00 -1.028744e+00 -1.028744e+00 -1.028744e+00
2.531648e-02 1.883176e+00 1.883176e+00 1.883176e+00 -9.357414e-01 -9.357414e-01 -9.357413e-01
2.560993e-02 1.695617e+00 1.695617e+00 1.695617e+00 -8.421212e-01 -8.421212e-01 -8.421211e-01
2.590678e-02 1.508409e+00 1.508409e+00 1.508409e+00 -7.487368e-01 -7.487368e-01 -7.487368e-01
2.620707e-02 1.323362e+00 1.323362e+00 1.323362e+00 -6.564964e-01 -6.564964e-01 -6.564963e-01
2.651084e-02 1.142389e+00 1.142389e+00 1.142389e+00 -5.663558e-01 -5.663558e-01 -5.663557e-01
2.681813e-02 9.674829e-01 9.674829e-01 9.674829e-01 -4.793100e-01 -4.793100e-01 -4.793100e-01
2.712898e-02 8.006999e-01 8.006999e-01 8.006999e-01 -3.963829e-01 -3.963829e-01 -3.963829e-01
2.744343e-02 6.441360e-01 6.441359e-01 6.441359e-01 -3.186151e-01 -3.186151e-01 -3.186151e-01
2.776153e-02 4.999015e-01 4.999014e-01 4.999014e-01 -2.470507e-01 -2.470507e-01 -2.470507e-01
2.808332e-02 3.700925e-01 3.700924e-01 3.700924e-01 -1.827220e-01 -1.827220e-01 -1.827220e-01
2.840884e-02 2.567595e-01 2.567595e-01 2.567595e-01 -1.266337e-01 -1.266337e-01 -1.266337e-01
2.873813e-02 1.618737e-01 1.618737e-01 1.618737e-01 -7.974452e-02 -7.974452e-02 -7.974452e-02
2.907123e-02 8.729137e-02 8.729136e-02 8.729136e-02 -4.294902e-02 -4.294902e-02 -4.294902e-02
2.940820e-02 3.471597e-02 3.471597e-02 3.471597e-02 -1.705770e-02 -1.705770e-02 -1.705770e-02
2.974908e-02 5.660135e-03 5.660135e-03 5.660135e-03 -2.776987e-03 -2.776987e-03 -2.776986e-03
3.009390e-02 1.406554e-03 1.406554e-03 1.406554e-03 -6.889711e-04 -6.889711e-04 -6.889711e-04
3.044272e-02 2.296956e-02 2.296956e-02 2.296956e-02 -1.123132e-02 -1.123132e-02 -1.123132e-02
3.079559e-02 7.105784e-02 7.105784e-02 7.105784e-02 -3.467796e-02 -3.467796e-02 -3.467796e-02
3.115254e-02 1.460394e-01 1.460394e-01 1.460394e-01 -7.112092e-02 -7.112092e-02 -7.112091e-02
3.151363e-02 2.479094e-01 2.479094e-01 2.479094e-01 -1.204540e-01 -1.204540e-01 -1.204540e-01
3.187891e-02 3.762631e-01 3.762631e-01 3.762631e-01 -1.823586e-01 -1.823586e-01 -1.823586e-01
3.224842e-02 5.302726e-01 5.302726e-01 5.302726e-01 -2.562931e-01 -2.562931e-01 -2.562931e-01
3.262222e-02 7.086719e-01 7.086718e-01 7.086718e-01 -3.414849e-01 -3.414849e-01 -3.414849e-01
3.300035e-02 9.097476e-01 9.097476e-01 9.097476e-01 -4.369274e-01 -4.369274e-01 -4.369273e-01
3.338286e-02 1.131340e+00 1.131340e+00 1.131340e+00 -5.413814e-01 -5.413814e-01 -5.413813e-01
3.376980e-02 1.370852e+00 1.370852e+00 1.370852e+00 -6.533818e-01 -6.533818e-01 -6.533817e-01
3.416123e-02 1.625267e+00 1.625267e+00 1.625267e+00 -7.712504e-01 -7.712504e-01 -7.712503e-01
3.455720e-02 1.891185e+00 1.891185e+00 1.891185e+00 -8.931141e-01 -8.931141e-01 -8.931139e-01
3.495776e-02 2.164856e+00 2.164856e+00 2.164856e+00 -1.016930e+00 -1.016930e+00 -1.016929e+00
3.536296e-02 2.442238e+00 2.442238e+00 2.442238e+00 -1.140515e+00 -1.140515e+00 -1.140515e+00
3.577285e-02 2.719059e+00 2.719059e+00 2.719059e+00 -1.261586e+00 -1.261586e+00 -1.261586e+00
3.618750e-02 2.990890e+00 2.990890e+00 2.990890e+00 -1.377802e+00 -1.377802e+00 -1.377802e+00
3.660695e-02 3.253227e+00 3.253227e+00 3.253227e+00 -1.486810e+00 -1.486810e+00 -1.486809e+00
3.703127e-02 3.501580e+00 3.501580e+00 3.501580e+00 -1.586300e+00 -1.586300e+00 -1.586300e+00
3.746050e-02 3.731572e+00 3.731572e+00 3.731572e+00 -1.674064e+00 -1.674064e+00 -1.674063e+00
3.789471e-02 3.939036e+00 3.939035e+00 3.939035e+00 -1.748047e+00 -1.748047e+00 -1.748047e+00
3.833395e-02 4.120114e+00 4.120114e+00 4.120114e+00 -1.806414e+00 -1.806414e+00 -1.806414e+00
3.877828e-02 4.271360e+00 4.271360e+00 4.271360e+00 -1.847602e+00 -1.847602e+00 -1.847602e+00
3.922777e-02 4.389829e+00 4.389829e+00 4.389829e+00 -1.870376e+00 -1.870376e+00 -1.870376e+00
3.968246e-02 4.473164e+00 4.473164e+00 4.473164e+00 -1.873879e+00 -1.873879e+00 -1.873878e+00
4.014242e-02 4.519670e+00 4.519670e+00 4.519670e+00 -1.857671e+00 -1.857671e+00 -1.857670e+00
4.060772e-02 4.528370e+00 4.528370e+00 4.528370e+00 -1.821763e+00 -1.821763e+00 -1.821763e+00
4.107841e-02 4.499050e+00 4.499050e+00 4.499050e+00 -1.766639e+00 -1.766639e+00 -1.766638e+00
4.155455e-02 4.432276e+00 4.432276e+00 4.432276e+00 -1.693256e+00 -1.693256e+00 -1.693256e+00
4.203622e-02 4.329394e+00 4.329394e+00 4.329394e+00 -1.603044e+00 -1.603044e+00 -1.603043e+00
4.252346e-02 4.192504e+00 4.192504e+00 4.192504e+00 -1.497874e+00 -1.497874e+00 -1.497874e+00
4.301636e-02 4.024414e+00 4.024414e+00 4.024414e+00 -1.380025e+00 -1.380025e+00 -1.380024e+00
4.351497e-02 3.828562e+00 3.828562e+00 3.828562e+00 -1.252117e+00 -1.252117e+00 -1.252117e+00
4.401935e-02 3.608928e+00 3.608929e+00 3.608929e+00 -1.117046e+00 -1.117046e+00 -1.117046e+00
4.452959e-02 3.369919e+00 3.369919e+00 3.369919e+00 -9.778928e-01 -9.778928e-01 -9.778923e-01
4.504573e-02 3.116237e+00 3.116238e+00 3.116238e+00 -8.378227e-01 -8.378227e-01 -8.378223e-01
4.556786e-02 2.852747e+00 2.852748e+00 2.852748e+00 -6.999813e-01 -6.999813e-01 -6.999809e-01
4.609604e-02 2.584327e+00 2.584327e+00 2.584327e+00 -5.673812e-01 -5.673812e-01 -5.673808e-01
4.663035e-02 2.315726e+00 2.315727e+00 2.315727e+00 -4.427911e-01 -4.427911e-01 -4.427907e-01
4.717085e-02 2.051430e+00 2.051431e+00 2.051431e+00 -3.286311e-01 -3.286311e-01 -3.286308e-01
4.771761e-02 1.795535e+00 1.795535e+00 1.795535e+00 -2.268782e-01 -2.268782e-01 -2.268779e-01
4.827071e-02 1.551643e+00 1.551643e+00 1.551643e+00 -1.389893e-01 -1.389893e-01 -1.389890e-01
4.883022e-02 1.322780e+00 1.322780e+00 1.322780e+00 -6.584601e-02 -6.584601e-02 -6.584574e-02
4.939622e-02 1.111340e+00 1.111340e+00 1.111340e+00 -7.725929e-03 -7.725929e-03 -7.725692e-03
4.996877e-02 9.190608e-01 9.190610e-01 9.190610e-01 3.569648e-02 3.569648e-02 3.569668e-02
5.054797e-02 7.470216e-01 7.470218e-01 7.470218e-01 6.531692e-02 6.531692e-02 6.531709e-02
5.113388e-02 5.956741e-01 5.956743e-01 5.956743e-01 8.253662e-02 8.253662e-02 8.253677e-02
5.172657e-02 4.648930e-01 4.648931e-01 4.648931e-01 8.916769e-02 8.916769e-02 8.916781e-02
5.232614e-02 3.540459e-01 3.540460e-01 3.540460e-01 8.731281e-02 8.731281e-02 8.731290e-02
5.293266e-02 2.620744e-01 2.620745e-01 2.620745e-01 7.922571e-02 7.922571e-02 7.922578e-02
5.354621e-02 1.875800e-01 1.875801e-01 1.875801e-01 6.716126e-02 6.716126e-02 6.716132e-02
5.416687e-02 1.289086e-01 1.289087e-01 1.289087e-01 5.322564e-02 5.322564e-02 5.322568e-02
5.479472e-02 8.422836e-02 8.422840e-02 8.422840e-02 3.923844e-02 3.923844e-02 3.923847e-02
5.542986e-02 5.159719e-02 5.159722e-02 5.159722e-02 2.661925e-02 2.661925e-02 2.661926e-02
5.607235e-02 2.902012e-02 2.902014e-02 2.902014e-02 1.631070e-02 1.631070e-02 1.631071e-02
5.672229e-02 1.449908e-02 1.449909e-02 1.449909e-02 8.748742e-03 8.748742e-03 8.748747e-03
5.737976e-02 6.082094e-03 6.082097e-03 6.082097e-03 3.887846e-03 3.887846e-03 3.887848e-03
5.804486e-02 1.921597e-03 1.921598e-03 1.921598e-03 1.285548e-03 1.285548e-03 1.285549e-03
5.871766e-02 3.542356e-04 3.542358e-04 3.542358e-04 2.452749e-04 2.452749e-04 2.452750e-04
5.939827e-02 1.535844e-05 1.535845e-05 1.535845e-05 1.089479e-05 1.089479e-05 1.089480e-05
6.008676e-02 4.403777e-08 4.403780e-08 4.403780e-08 3.170821e-08 3.170821e-08 3.170822e-08
6.078323e-02 7.849641e-05 7.849646e-05 7.849646e-05 5.688586e-05 5.688586e-05 5.688588e-05
6.148778e-02 9.665845e-04 9.665851e-04 9.665851e-04 6.996619e-04 6.996619e-04 6.996621e-04
6.220049e-02 4.642193e-03 4.642196e-03 4.642196e-03 3.333382e-03 3.333382e-03 3.333383e-03
6.292146e-02 1.468535e-02 1.468536e-02 1.468536e-02 1.039663e-02 1.039663e-02 1.039664e-02
6.365079e-02 3.660576e-02 3.660578e-02 3.660578e-02 2.541137e-02 2.541137e-02 2.541138e-02
6.438857e-02 7.810682e-02 7.810687e-02 7.810687e-02 5.290882e-02 5.290882e-02 5.290884e-02
6.513491e-02 1.492227e-01 1.492228e-01 1.492228e-01 9.821225e-02 9.821225e-02 9.821228e-02
6.588990e-02 2.622570e-01 2.622572e-01 2.622572e-01 1.670687e-01 1.670687e-01 1.670688e-01
6.665363e-02 4.314496e-01 4.314499e-01 4.314499e-01 2.651370e-01 2.651370e-01 2.651371e-01
6.742622e-02 6.723089e-01 6.723093e-01 6.723093e-01 3.973558e-01 3.973558e-01 3.973559e-01
6.820777e-02 1.000564e+00 1.000565e+00 1.000565e+00 5.672353e-01 5.672353e-01 5.672354e-01
6.899837e-02 1.430729e+00 1.430730e+00 1.430730e+00 7.761333e-01 7.761333e-01 7.761334e-01
6.979814e-02 1.974314e+00 1.974315e+00 1.974315e+00 1.022591e+00 1.022591e+00 1.022591e+00
7.060718e-02 2.637775e+00 2.637776e+00 2.637776e+00 1.301813e+00 1.301813e+00 1.301813e+00
7.142559e-02 3.420359e+00 3.420361e+00 3.420361e+00 1.605383e+00 1.605383e+00 1.605383e+00
7.225349e-02 4.312067e+00 4.312069e+00 4.312069e+00 1.921285e+00 1.921285e+00 1.921285e+00
7.309099e-02 5.291991e+00 5.291994e+00 5.291994e+00 2.234301e+00 2.234301e+00 2.234302e+00
7.393820e-02 6.327344e+00 6.327347e+00 6.327347e+00 2.526806e+00 2.526806e+00 2.526807e+00
7.479523e-02 7.373474e+00 7.373477e+00 7.373477e+00 2.779951e+00 2.779951e+00 2.779952e+00
7.566219e-02 8.375135e+00 8.375139e+00 8.375139e+00 2.975175e+00 2.975175e+00 2.975175e+00
7.653919e-02 9.269193e+00 9.269197e+00 9.269197e+00 3.095933e+00 3.095933e+00 3.095934e+00
7.742637e-02 9.988817e+00 9.988822e+00 9.988822e+00 3.129487e+00 3.129487e+00 3.129487e+00
7.832383e-02 1.046903e+01 1.046903e+01 1.046903e+01 3.068550e+00 3.068550e+00 3.068550e+00
7.923169e-02 1.065328e+01 1.065328e+01 1.065328e+01 2.912591e+00 2.912591e+00 2.912591e+00
8.015007e-02 1.050048e+01 1.050048e+01 1.050048e+01 2.668566e+00 2.668566e+00 2.668566e+00
8.107910e-02 9.991842e+00 9.991847e+00 9.991847e+00 2.350919e+00 2.350919e+00 2.350918e+00
8.201889e-02 9.136505e+00 9.136510e+00 9.136510e+00 1.980727e+00 1.980727e+00 1.980726e+00
8.296959e-02 7.975169e+00 7.975173e+00 7.975173e+00 1.583991e+00 1.583991e+00 1.583991e+00
8.393129e-02 6.580799e+00 6.580803e+00 6.580803e+00 1.189152e+00 1.189152e+00 1.189152e+00
8.490415e-02 5.055801e+00 5.055804e+00 5.055804e+00 8.240561e-01 8.240561e-01 8.240557e-01
8.588829e-02 3.525355e+00 3.525356e+00 3.525356e+00 5.127019e-01 5.127019e-01 5.127016e-01
8.688383e-02 2.127096e+00 2.127097e+00 2.127097e+00 2.721840e-01 2.721840e-01 2.721838e-01
8.789091e-02 9.978546e-01 9.978552e-01 9.978552e-01 1.102732e-01 1.102732e-01 1.102730e-01
8.890966e-02 2.587000e-01 2.587002e-01 2.587002e-01 2.406262e-02 2.406262e-02 2.406259e-02
8.994022e-02 1.526994e-06 1.526995e-06 1.526995e-06 1.151321e-07 1.151321e-07 1.151318e-07
9.098273e-02 2.684872e-01 2.684874e-01 2.684874e-01 1.546105e-02 1.546105e-02 1.546100e-02
9.203732e-02 1.058298e+00 1.058299e+00 1.058299e+00 4.179810e-02 4.179810e-02 4.179790e-02
9.310413e-02 2.307744e+00 2.307745e+00 2.307745e+00 4.855521e-02 4.855521e-02 4.855472e-02
9.418332e-02 3.902841e+00 3.902843e+00 3.902843e+00 8.301228e-03 8.301228e-03 8.300326e-03
9.527500e-02 5.687845e+00 5.687849e+00 5.687849e+00 -9.863740e-02 -9.863740e-02 -9.863883e-02
9.637935e-02 7.481917e+00 7.481921e+00 7.481921e+00 -2.803413e-01 -2.803413e-01 -2.803434e-01
9.749649e-02 9.100023e+00 9.100028e+00 9.100028e+00 -5.311006e-01 -5.311006e-01 -5.311033e-01
9.862658e-02 1.037533e+01 1.037533e+01 1.037533e+01 -8.313944e-01 -8.313944e-01 -8.313977e-01
9.976978e-02 1.117984e+01 1.117984e+01 1.117984e+01 -1.150258e+00 -1.150258e+00 -1.150262e+00
1.009262e-01 1.144009e+01 1.144010e+01 1.144010e+01 -1.449831e+00 -1.449831e+00 -1.449835e+00
1.020961e-01 1.114534e+01 1.114535e+01 1.114535e+01 -1.691442e+00 -1.691442e+00 -1.691446e+00
1.032795e-01 1.034683e+01 1.034684e+01 1.034684e+01 -1.842229e+00 -1.842229e+00 -1.842234e+00
1.044766e-01 9.148131e+00 9.148137e+00 9.148137e+00 -1.881084e+00 -1.881084e+00 -1.881088e+00
1.056876e-01 7.688285e+00 7.688290e+00 7.688290e+00 -1.802713e+00 -1.802713e+00 -1.802716e+00
1.069126e-01 6.120594e+00 6.120598e+00 6.120598e+00 -1.618899e+00 -1.618899e+00 -1.618902e+00
1.081519e-01 4.590797e+00 4.590800e+00 4.590800e+00 -1.356543e+00 -1.356543e+00 -1.356546e+00
1.094055e-01 3.218344e+00 3.218346e+00 3.218346e+00 -1.052712e+00 -1.052712e+00 -1.052713e+00
1.106736e-01 2.083712e+00 2.083713e+00 2.083713e+00 -7.476043e-01 -7.476043e-01 -7.476053e-01
1.119564e-01 1.223406e+00 1.223406e+00 1.223406e+00 -4.769013e-01 -4.769013e-01 -4.769019e-01
1.132541e-01 6.325967e-01 6.325970e-01 6.325970e-01 -2.652030e-01 -2.652030e-01 -2.652033e-01
1.145669e-01 2.739554e-01 2.739555e-01 2.739555e-01 -1.221500e-01 -1.221500e-01 -1.221501e-01
1.158948e-01 9.025427e-02 9.025430e-02 9.025430e-02 -4.228153e-02 -4.228153e-02 -4.228156e-02
1.172382e-01 1.815462e-02 1.815463e-02 1.815463e-02 -8.818166e-03 -8.818166e-03 -8.818170e-03
1.185971e-01 1.085245e-03 1.085245e-03 1.085245e-03 -5.388259e-04 -5.388259e-04 -5.388261e-04
1.199718e-01 3.244373e-09 3.244373e-09 3.244373e-09 -1.622167e-09 -1.622167e-09 -1.622167e-09
1.213624e-01 1.570006e-03 1.570005e-03 1.570005e-03 -7.785294e-04 -7.785294e-04 -7.785292e-04
1.227691e-01 2.358539e-02 2.358539e-02 2.358539e-02 -1.142423e-02 -1.142423e-02 -1.142422e-02
1.241921e-01 1.168303e-01 1.168303e-01 1.168303e-01 -5.447165e-02 -5.447165e-02 -5.447160e-02
1.256317e-01 3.617105e-01 3.617103e-01 3.617103e-01 -1.601051e-01 -1.601051e-01 -1.601049e-01
1.270879e-01 8.571554e-01 8.571549e-01 8.571549e-01 -3.556410e-01 -3.556410e-01 -3.556404e-01
1.285610e-01 1.699706e+00 1.699705e+00 1.699705e+00 -6.534872e-01 -6.534872e-01 -6.534858e-01
1.300511e-01 2.952964e+00 2.952961e+00 2.952961e+00 -1.041201e+00 -1.041201e+00 -1.041198e+00
1.315586e-01 4.611722e+00 4.611717e+00 4.611717e+00 -1.477298e+00 -1.477298e+00 -1.477294e+00
1.330835e-01 6.570117e+00 6.570110e+00 6.570110e+00 -1.895371e+00 -1.895371e+00 -1.895364e+00
1.346261e-01 8.606935e+00 8.606925e+00 8.606925e+00 -2.216912e+00 -2.216912e+00 -2.216903e+00
1.361865e-01 1.040127e+01 1.040126e+01 1.040126e+01 -2.370546e+00 -2.370546e+00 -2.370534e+00
1.377651e-01 1.158617e+01 1.158615e+01 1.158615e+01 -2.312761e+00 -2.312761e+00 -2.312747e+00
1.393619e-01 1.183655e+01 1.183654e+01 1.183654e+01 -2.043759e+00 -2.043759e+00 -2.043744e+00
1.409773e-01 1.097315e+01 1.097313e+01 1.097313e+01 -1.612352e+00 -1.612352e+00 -1.612338e+00
1.426114e-01 9.051464e+00 9.051452e+00 9.051452e+00 -1.106317e+00 -1.106317e+00 -1.106305e+00
1.442644e-01 6.400351e+00 6.400343e+00 6.400343e+00 -6.289989e-01 -6.289989e-01 -6.289909e-01
1.459366e-01 3.582836e+00 3.582832e+00 3.582832e+00 -2.679605e-01 -2.679605e-01 -2.679561e-01
1.476281e-01 1.273878e+00 1.273876e+00 1.273876e+00 -6.552387e-02 -6.552387e-02 -6.552236e-02
1.493393e-01 7.958938e-02 7.958927e-02 7.958927e-02 -2.216672e-03 -2.216672e-03 -2.216581e-03
1.510703e-01 3.501420e-01 3.501415e-01 3.501415e-01 -1.273253e-03 -1.273253e-03 -1.272873e-03
1.528214e-01 2.051168e+00 2.051165e+00 2.051165e+00 4.439793e-02 4.439793e-02 4.440001e-02
1.545928e-01 4.747248e+00 4.747241e+00 4.747241e+00 2.301230e-01 2.301230e-01 2.301274e-01
1.563847e-01 7.715758e+00 7.715746e+00 7.715746e+00 5.970803e-01 5.970803e-01 5.970868e-01
1.581973e-01 1.016107e+01 1.016105e+01 1.016105e+01 1.107107e+00 1.107107e+00 1.107115e+00
1.600310e-01 1.145716e+01 1.145714e+01 1.145714e+01 1.647681e+00 1.647681e+00 1.647688e+00
1.618860e-01 1.133089e+01 1.133087e+01 1.133087e+01 2.068913e+00 2.068913e+00 2.068919e+00
1.637624e-01 9.918682e+00 9.918667e+00 9.918667e+00 2.240387e+00 2.240387e+00 2.240390e+00
1.656606e-01 7.679980e+00 7.679969e+00 7.679969e+00 2.104930e+00 2.104930e+00 2.104932e+00
1.675808e-01 5.209822e+00 5.209815e+00 5.209815e+00 1.704864e+00 1.704864e+00 1.704865e+00
1.695232e-01 3.031931e+00 3.031927e+00 3.031927e+00 1.166394e+00 1.166394e+00 1.166395e+00
1.714882e-01 1.454176e+00 1.454175e+00 1.454175e+00 6.467116e-01 6.467116e-01 6.467116e-01
1.734759e-01 5.308454e-01 5.308452e-01 5.308452e-01 2.675935e-01 2.675935e-01 2.675935e-01
1.754867e-01 1.231276e-01 1.231276e-01 1.231276e-01 6.869964e-02 6.869964e-02 6.869967e-02
1.775208e-01 1.047390e-02 1.047390e-02 1.047390e-02 6.287983e-03 6.287983e-03 6.287989e-03
1.795785e-01 2.675493e-06 2.675496e-06 2.675496e-06 1.673402e-06 1.673402e-06 1.673405e-06
1.816600e-01 3.463487e-03 3.463493e-03 3.463493e-03 2.180104e-03 2.180104e-03 2.180109e-03
1.837656e-01 7.635720e-02 7.635738e-02 7.635738e-02 4.672623e-02 4.672623e-02 4.672640e-02
1.858957e-01 4.179629e-01 4.179641e-01 4.179641e-01 2.407726e-01 2.407726e-01 2.407738e-01
1.880504e-01 1.315197e+00 1.315202e+00 1.315202e+00 6.933847e-01 6.933847e-01 6.933892e-01
1.902301e-01 3.007037e+00 3.007048e+00 3.007048e+00 1.416996e+00 1.416996e+00 1.417008e+00
1.924351e-01 5.482924e+00 5.482946e+00 5.482946e+00 2.264474e+00 2.264474e+00 2.264498e+00
1.946656e-01 8.305708e+00 8.305743e+00 8.305743e+00 2.955960e+00 2.955960e+00 2.955998e+00
1.969220e-01 1.061019e+01 1.061024e+01 1.061024e+01 3.201678e+00 3.201678e+00 3.201729e+00
1.992046e-01 1.139177e+01 1.139182e+01 1.139182e+01 2.862663e+00 2.862663e+00 2.862720e+00
2.015136e-01 1.003462e+01 1.003466e+01 1.003466e+01 2.051552e+00 2.051552e+00 2.051602e+00
2.038493e-01 6.813481e+00 6.813512e+00 6.813512e+00 1.094918e+00 1.094918e+00 1.094952e+00
2.062122e-01 3.003678e+00 3.003692e+00 3.003692e+00 3.582355e-01 3.582355e-01 3.582497e-01
2.086024e-01 3.894615e-01 3.894634e-01 3.894634e-01 3.085475e-02 3.085475e-02 3.085651e-02
2.110203e-01 3.384430e-01 3.384446e-01 3.384446e-01 1.339023e-02 1.339023e-02 1.339165e-02
2.134663e-01 2.971021e+00 2.971036e+00 2.971036e+00 -2.347223e-03 -2.347223e-03 -2.336094e-03
2.159406e-01 6.996302e+00 6.996337e+00 6.996337e+00 -3.006419e-01 -3.006419e-01 -3.006195e-01
2.184436e-01 1.039900e+01 1.039906e+01 1.039906e+01 -9.166486e-01 -9.166486e-01 -9.166222e-01
2.209756e-01 1.157573e+01 1.157579e+01 1.157579e+01 -1.591036e+00 -1.591036e+00 -1.591016e+00
2.235370e-01 1.017873e+01 1.017878e+01 1.017878e+01 -1.951900e+00 -1.951900e+00 -1.951891e+00
2.261280e-01 7.130459e+00 7.130495e+00 7.130495e+00 -1.792349e+00 -1.792349e+00 -1.792349e+00
2.287491e-01 3.885254e+00 3.885272e+00 3.885272e+00 -1.224551e+00 -1.224551e+00 -1.224555e+00
2.314005e-01 1.535527e+00 1.535533e+00 1.535533e+00 -5.831602e-01 -5.831602e-01 -5.831627e-01
2.340827e-01 3.687554e-01 3.687565e-01 3.687565e-01 -1.616955e-01 -1.616955e-01 -1.616962e-01
2.367960e-01 3.043569e-02 3.043575e-02 3.043575e-02 -1.466162e-02 -1.466162e-02 -1.466167e-02
2.395407e-01 2.702527e-06 2.702528e-06 2.702528e-06 -1.350794e-06 -1.350794e-06 -1.350795e-06
2.423173e-01 1.377442e-02 1.377440e-02 1.377440e-02 -6.720264e-03 -6.720264e-03 -6.720239e-03
2.451260e-01 2.711660e-01 2.711651e-01 2.711651e-01 -1.217174e-01 -1.217174e-01 -1.217162e-01
2.479673e-01 1.371542e+00 1.371536e+00 1.371536e+00 -5.375865e-01 -5.375865e-01 -5.375771e-01
2.508415e-01 3.880089e+00 3.880067e+00 3.880067e+00 -1.271054e+00 -1.271054e+00 -1.271019e+00
2.537490e-01 7.572484e+00 7.572436e+00 7.572436e+00 -1.995550e+00 -1.995550e+00 -1.995466e+00
2.566903e-01 1.092771e+01 1.092763e+01 1.092763e+01 -2.227605e+00 -2.227605e+00 -2.227468e+00
2.596656e-01 1.172525e+01 1.172516e+01 1.172516e+01 -1.754912e+00 -1.754912e+00 -1.754753e+00
2.626754e-01 8.837032e+00 8.836965e+00 8.836965e+00 -8.866058e-01 -8.866058e-01 -8.864816e-01
2.657201e-01 3.801713e+00 3.801684e+00 3.801684e+00 -2.062934e-01 -2.062934e-01 -2.062395e-01
2.688001e-01 2.628934e-01 2.628913e-01 2.628913e-01 -2.491473e-03 -2.491473e-03 -2.487819e-03
2.719158e-01 1.101658e+00 1.101649e+00 1.101649e+00 3.996841e-02 3.996841e-02 3.998297e-02
2.750676e-01 5.733798e+00 5.733751e+00 5.733751e+00 4.901811e-01 4.901811e-01 4.902504e-01
2.782559e-01 1.043885e+01 1.043876e+01 1.043876e+01 1.470569e+00 1.470569e+00 1.470679e+00
2.814812e-01 1.165126e+01 1.165116e+01 1.165116e+01 2.391811e+00 2.391811e+00 2.391910e+00
2.847439e-01 8.923473e+00 8.923404e+00 8.923404e+00 2.508797e+00 2.508797e+00 2.508851e+00
2.880444e-01 4.679241e+00 4.679209e+00 4.679209e+00 1.726456e+00 1.726456e+00 1.726471e+00
2.913832e-01 1.520443e+00 1.520435e+00 1.520435e+00 7.058252e-01 7.058252e-01 7.058267e-01
2.947606e-01 2.187660e-01 2.187655e-01 2.187655e-01 1.210729e-01 1.210729e-01 1.210729e-01
2.981772e-01 2.433500e-03 2.433504e-03 2.433504e-03 1.493675e-03 1.493675e-03 1.493678e-03
3.016334e-01 4.088726e-03 4.088750e-03 4.088750e-03 2.549949e-03 2.549949e-03 2.549971e-03
3.051297e-01 2.727110e-01 2.727136e-01 2.727136e-01 1.579868e-01 1.579868e-01 1.579900e-01
3.086665e-01 1.820617e+00 1.820640e+00 1.820640e+00 9.071459e-01 9.071459e-01 9.071794e-01
3.122443e-01 5.475392e+00 5.475471e+00 5.475471e+00 2.213047e+00 2.213047e+00 2.213179e+00
3.158635e-01 9.920782e+00 9.920936e+00 9.920936e+00 3.108133e+00 3.108133e+00 3.108416e+00
3.195248e-01 1.146472e+01 1.146491e+01 1.146491e+01 2.660100e+00 2.660100e+00 2.660459e+00
3.232284e-01 7.741091e+00 7.741218e+00 7.741218e+00 1.242406e+00 1.242406e+00 1.242658e+00
3.269750e-01 1.863013e+00 1.863044e+00 1.863044e+00 1.787818e-01 1.787818e-01 1.788422e-01
3.307650e-01 2.480153e-01 2.480195e-01 2.480195e-01 8.591934e-03 8.591934e-03 8.599606e-03
3.345989e-01 4.928480e+00 4.928566e+00 4.928566e+00 -1.362040e-01 -1.362040e-01 -1.360660e-01
3.384773e-01 1.056408e+01 1.056426e+01 1.056426e+01 -1.005929e+00 -1.005929e+00 -1.005681e+00
3.424006e-01 1.108015e+01 1.108034e+01 1.108034e+01 -1.908588e+00 -1.908588e+00 -1.908397e+00
3.463694e-01 6.741599e+00 6.741711e+00 6.741711e+00 -1.760290e+00 -1.760290e+00 -1.760225e+00
3.503842e-01 2.232770e+00 2.232802e+00 2.232802e+00 -7.998137e-01 -7.998137e-01 -7.998096e-01
3.544456e-01 2.715270e-01 2.715296e-01 2.715296e-01 -1.214074e-01 -1.214074e-01 -1.214082e-01
3.585540e-01 7.496248e-04 7.496263e-04 7.496263e-04 -3.726437e-04 -3.726437e-04 -3.726449e-04
3.627100e-01 2.766580e-02 2.766562e-02 2.766562e-02 -1.335890e-02 -1.335890e-02 -1.335866e-02
3.669142e-01 8.588259e-01 8.588140e-01 8.588140e-01 -3.537092e-01 -3.537092e-01 -3.536885e-01
3.711672e-01 4.343446e+00 4.343365e+00 4.343365e+00 -1.373110e+00 -1.373110e+00 -1.372938e+00
3.754694e-01 9.795301e+00 9.795091e+00 9.795091e+00 -2.176050e+00 -2.176050e+00 -2.175544e+00
3.798215e-01 1.160160e+01 1.160133e+01 1.160133e+01 -1.621073e+00 -1.621073e+00 -1.620384e+00
3.842241e-01 6.176133e+00 6.175986e+00 6.175986e+00 -4.192194e-01 -4.192194e-01 -4.188303e-01
3.886777e-01 2.831731e-01 2.831663e-01 2.831663e-01 -3.745388e-04 -3.745388e-04 -3.567337e-04
3.931829e-01 2.799765e+00 2.799696e+00 2.799696e+00 1.865588e-01 1.865588e-01 1.867240e-01
3.977403e-01 9.961991e+00 9.961747e+00 9.961747e+00 1.429183e+00 1.429183e+00 1.429692e+00
4.023506e-01 1.121757e+01 1.121731e+01 1.121731e+01 2.658852e+00 2.658852e+00 2.659288e+00
4.070142e-01 5.899627e+00 5.899505e+00 5.899505e+00 2.081285e+00 2.081285e+00 2.081420e+00
4.117320e-01 1.265887e+00 1.265870e+00 1.265870e+00 6.125636e-01 6.125636e-01 6.125722e-01
4.165044e-01 3.757417e-02 3.757412e-02 3.757412e-02 2.231611e-02 2.231611e-02 2.231611e-02
4.213322e-01 2.501207e-03 2.501244e-03 2.501244e-03 1.557748e-03 1.557748e-03 1.557780e-03
4.262159e-01 5.880424e-01 5.880593e-01 5.880593e-01 3.236870e-01 3.236870e-01 3.237119e-01
4.311562e-01 4.296701e+00 4.296861e+00 4.296861e+00 1.825572e+00 1.825572e+00 1.825892e+00
4.361538e-01 1.034668e+01 1.034711e+01 1.034711e+01 3.090153e+00 3.090153e+00 3.091174e+00
4.412093e-01 1.034240e+01 1.034284e+01 1.034284e+01 1.978191e+00 1.978191e+00 1.979354e+00
4.463234e-01 2.634201e+00 2.634315e+00 2.634315e+00 2.650694e-01 2.650694e-01 2.653768e-01
4.514968e-01 8.100135e-01 8.100489e-01 8.100489e-01 1.428593e-02 1.428593e-02 1.437653e-02
4.567301e-01 8.548410e+00 8.548788e+00 8.548788e+00 -5.842356e-01 -5.842356e-01 -5.834016e-01
4.620241e-01 1.128239e+01 1.128288e+01 1.128288e+01 -1.895785e+00 -1.895785e+00 -1.894964e+00
4.673795e-01 5.347303e+00 5.347513e+00 5.347513e+00 -1.540826e+00 -1.540826e+00 -1.540620e+00
4.727970e-01 7.285741e-01 7.285937e-01 7.285937e-01 -3.030109e-01 -3.030109e-01 -3.030073e-01
4.782772e-01 1.366196e-03 1.366201e-03 1.366201e-03 -6.777681e-04 -6.777681e-04 -6.777711e-04
4.838210e-01 1.054422e-01 1.054397e-01 1.054397e-01 -4.925150e-02 -4.925150e-02 -4.924766e-02
4.894290e-01 2.604449e+00 2.604336e+00 2.604336e+00 -9.203012e-01 -9.203012e-01 -9.200441e-01
4.951020e-01 9.460334e+00 9.459836e+00 9.459836e+00 -2.138953e+00 -2.138953e+00 -2.137521e+00
5.008408e-01 1.082787e+01 1.082726e+01 1.082726e+01 -1.274930e+00 -1.274930e+00 -1.272953e+00
5.066461e-01 2.163908e+00 2.163784e+00 2.163784e+00 -5.629046e-02 -5.629046e-02 -5.587317e-02
5.125187e-01 1.991550e+00 1.991435e+00 1.991435e+00 1.244032e-01 1.244032e-01 1.247692e-01
5.184594e-01 1.081153e+01 1.081091e+01 1.081091e+01 1.771169e+00 1.771169e+00 1.772837e+00
5.244689e-01 9.100426e+00 9.099954e+00 9.099954e+00 2.679956e+00 2.679956e+00 2.680890e+00
5.305481e-01 2.016917e+00 2.016846e+00 2.016846e+00 9.232607e-01 9.232607e-01 9.233361e-01
5.366977e-01 2.640670e-02 2.640674e-02 2.640674e-02 1.583999e-02 1.583999e-02 1.584001e-02
5.429186e-01 4.181679e-02 4.181883e-02 4.181883e-02 2.535145e-02 2.535145e-02 2.535359e-02
5.492116e-01 2.414825e+00 2.415021e+00 2.415021e+00 1.137333e+00 1.137333e+00 1.137724e+00
5.555776e-01 9.895944e+00 9.896876e+00 9.896876e+00 3.035728e+00 3.035728e+00 3.038262e+00
5.620174e-01 9.318409e+00 9.319315e+00 9.319315e+00 1.594667e+00 1.594667e+00 1.597522e+00
5.685318e-01 2.909398e-01 2.909684e-01 2.909684e-01 1.765078e-02 1.765078e-02 1.774242e-02
5.751217e-01 6.113891e+00 6.114495e+00 6.114495e+00 -2.720214e-01 -2.720214e-01 -2.702851e-01
5.817880e-01 1.138083e+01 1.138192e+01 1.138192e+01 -1.890832e+00 -1.890832e+00 -1.888449e+00
5.885316e-01 3.884327e+00 3.884643e+00 3.884643e+00 -1.236860e+00 -1.236860e+00 -1.236494e+00
5.953533e-01 1.129942e-01 1.129981e-01 1.129981e-01 -5.259751e-02 -5.259751e-02 -5.259759e-02
6.022541e-01 1.839084e-02 1.839011e-02 1.839011e-02 -8.936767e-03 -8.936767e-03 -8.935770e-03
6.092349e-01 2.503645e+00 2.503402e+00 2.503402e+00 -8.899942e-01 -8.899942e-01 -8.893935e-01
6.162966e-01 1.075888e+01 1.075760e+01 1.075760e+01 -2.137398e+00 -2.137398e+00 -2.133102e+00
6.234402e-01 7.205672e+00 7.204769e+00 7.204769e+00 -5.166539e-01 -5.166539e-01 -5.132231e-01
6.306666e-01 3.098364e-01 3.097973e-01 3.097973e-01 1.183077e-02 1.183077e-02 1.197823e-02
6.379767e-01 1.041616e+01 1.041488e+01 1.041488e+01 1.662418e+00 1.662418e+00 1.666581e+00
6.453715e-01 7.860300e+00 7.859479e+00 7.859479e+00 2.535697e+00 2.535697e+00 2.537589e+00
6.528521e-01 6.622702e-01 6.622427e-01 6.622427e-01 3.469072e-01 3.469072e-01 3.469391e-01
6.604194e-01 2.149542e-04 2.149715e-04 2.149715e-04 1.342284e-04 1.342284e-04 1.342383e-04
6.680744e-01 1.609367e+00 1.609661e+00 1.609661e+00 7.988622e-01 7.988622e-01 7.993975e-01
6.758181e-01 1.024073e+01 1.024297e+01 1.024297e+01 3.037907e+00 3.037907e+00 3.044181e+00
6.836516e-01 6.712076e+00 6.713576e+00 6.713576e+00 9.256680e-01 9.256680e-01 9.306420e-01
6.915759e-01 1.040172e+00 1.040406e+00 1.040406e+00 9.897738e-03 9.897738e-03 1.065263e-02
6.995920e-01 1.153207e+01 1.153466e+01 1.153466e+01 -1.451323e+00 -1.451323e+00 -1.444792e+00
7.077011e-01 4.758067e+00 4.758988e+00 4.758988e+00 -1.431500e+00 -1.431500e+00 -1.430273e+00
7.159041e-01 5.976170e-02 5.976578e-02 5.976578e-02 -2.836987e-02 -2.836987e-02 -2.837046e-02
7.242022e-01 1.710875e-01 1.710645e-01 1.710645e-01 -7.842144e-02 -7.842144e-02 -7.838124e-02
7.325965e-01 6.450636e+00 6.449009e+00 6.449009e+00 -1.776808e+00 -1.776808e+00 -1.771887e+00
7.410882e-01 1.039964e+01 1.039671e+01 1.039671e+01 -1.118881e+00 -1.118881e+00 -1.107703e+00
7.496782e-01 9.982638e-03 9.979803e-03 9.979803e-03 2.626559e-04 2.626559e-04 2.738253e-04
7.583678e-01 1.087227e+01 1.086934e+01 1.086934e+01 1.856492e+00 1.856492e+00 1.866401e+00
7.671581e-01 5.409421e+00 5.408406e+00 5.408406e+00 2.022483e+00 2.022483e+00 2.024876e+00
7.760503e-01 4.837123e-02 4.837514e-02 4.837514e-02 2.874259e-02 2.874259e-02 2.874401e-02
7.850456e-01 3.313893e-01 3.315372e-01 3.315372e-01 1.871679e-01 1.871679e-01 1.873374e-01
7.941452e-01 8.453670e+00 8.458692e+00 8.458692e+00 2.818140e+00 2.818140e+00 2.829563e+00
8.033502e-01 7.078140e+00 7.082472e+00 7.082472e+00 9.915933e-01 9.915933e-01 1.003871e+00
8.126619e-01 2.443660e+00 2.445175e+00 2.445175e+00 -2.490928e-02 -2.490928e-02 -2.090222e-02
8.220816e-01 1.113382e+01 1.114067e+01 1.114067e+01 -1.972250e+00 -1.972250e+00 -1.960413e+00
8.316104e-01 1.172814e+00 1.173331e+00 1.173331e+00 -4.640107e-01 -4.640107e-01 -4.638626e-01
8.412497e-01 4.099960e-03 4.099411e-03 4.099411e-03 -2.022491e-03 -2.022491e-03 -2.021761e-03
8.510007e-01 4.526107e+00 4.523326e+00 4.523326e+00 -1.402602e+00 -1.402602e+00 -1.395006e+00
8.608648e-01 1.053706e+01 1.052929e+01 1.052929e+01 -1.150344e+00 -1.150344e+00 -1.122628e+00
8.708431e-01 5.279839e-01 5.275993e-01 5.275993e-01 2.457775e-02 2.457775e-02 2.598699e-02
8.809372e-01 1.170927e+01 1.170227e+01 1.170227e+01 2.646296e+00 2.646296e+00 2.668124e+00
8.911482e-01 1.423609e+00 1.423619e+00 1.423619e+00 6.927355e-01 6.927355e-01 6.933341e-01
9.014776e-01 7.056096e-03 7.065834e-03 7.065834e-03 4.354639e-03 4.354639e-03 4.359575e-03
9.119268e-01 5.686610e+00 5.698739e+00 5.698739e+00 2.200710e+00 2.200710e+00 2.219289e+00
9.224970e-01 8.301887e+00 8.320068e+00 8.320068e+00 1.267751e+00 1.267751e+00 1.305093e+00
9.331898e-01 3.344379e+00 3.351851e+00 3.351851e+00 -6.896184e-02 -6.896184e-02 -5.562717e-02
9.440065e-01 9.246737e+00 9.267667e+00 9.267667e+00 -2.034719e+00 -2.034719e+00 -2.018610e+00
9.549486e-01 1.301242e-01 1.303007e-01 1.303007e-01 -6.025563e-02 -6.025563e-02 -6.036948e-02
9.660175e-01 6.596249e-01 6.590064e-01 6.590064e-01 -2.777734e-01 -2.777734e-01 -2.762549e-01
9.772147e-01 1.150748e+01 1.148477e+01 1.148477e+01 -1.997935e+00 -1.997935e+00 -1.920857e+00
9.885417e-01 1.528309e-01 1.525234e-01 1.525234e-01 2.099543e-03 2.099543e-03 3.243380e-03
1.000000e+00 1.175033e+01 1.173394e+01 1.173394e+01 2.458126e+00 2.458126e+00 2.517947e+00
